56
56
102
102
125
125
195
195
219
219
222
222
245
245
281
281
291
291
311
311
337
337
341
341
367
367
388
388
414
414
457
457
462
462
491
491
504
504
539
539
539
581
581
617
617
658
658
682
682
686
686
690
690
758
758
768
768
776
776
780
780
780
785
785
804
804
826
826
861
861
958
958
968
968
975
975
977
977
981
981
983
983
991
991
1024
1024
1024
1044
1044
1094
1094
1094
1106
1106
1117
1117
1127
1127
1132
1132
1264
1264
1272
1272
1316
1316
1319
1319
1336
1336
1342
1342
1360
1360
1406
1406
1421
1421
1430
1430
1430
1463
1463
1488
1488
1492
1492
1505
1505
1551
1551
1558
1558
1566
1566
1572
1572
1574
1574
1576
1576
1637
1637
1645
1645
1687
1687
1751
1751
1759
1759
1794
1794
1958
1958
2072
2072
2084
2084
2084
2127
2127
2132
2132
2149
2149
2181
2181
2209
2209
2220
2220
2269
2269
2294
2294
2294
2298
2298
2346
2346
2367
2367
2440
2440
2440
2531
2531
2562
2562
2570
2570
2646
2646
2658
2658
2687
2687
2700
2700
2712
2712
2744
2744
2744
2777
2777
2940
2940
2941
2941
2945
2945
2964
2964
2973
2973
3012
3012
3030
3030
3064
3064
3105
3105
3177
3177
3177
3186
3186
3196
3196
3197
3197
3221
3221
3266
3266
3341
3341
3413
3413
3459
3459
3479
3479
3484
3484
3614
3614
3641
3641
3664
3664
3674
3674
3676
3676
3732
3732
3737
3737
3797
3797
3811
3811
3818
3818
3823
3823
3823
3823
3844
3844
3885
3885
3899
3899
3910
3910
3910
3933
3933
3954
3954
4003
4003
4013
4013
4070
4070
4108
4108
4147
4147
4173
4173
4191
4191
4203
4203
4210
4210
4264
4264
4308
4308
4404
4404
4462
4462
4499
4499
4512
4512
4619
4619
4672
4672
4760
4760
4760
4769
4769
4883
4883
4931
4931
4957
4957
4958
4958
5008
5008
5017
5017
5020
5020
5056
5056
5077
5077
5097
5097
5107
5107
5111
5111
5111
5139
5139
5167
5167
5185
5185
5227
5227
5227
5227
5280
5280
5288
5288
5297
5297
5308
5308
5402
5402
5426
5426
5442
5442
5446
5446
5491
5491
5509
5509
5524
5524
5529
5529
5663
5663
5678
5678
5723
5723
5732
5732
5747
5747
5771
5771
5775
5775
5785
5785
5805
5805
5806
5806
5812
5812
5818
5818
5830
5830
5855
5855
5866
5866
5873
5873
5900
5900
5942
5942
6000
6000
6033
6033
6035
6035
6081
6081
6112
6112
6123
6123
6162
6162
6198
6198
6222
6222
6256
6256
6259
6259
6339
6339
6343
6343
6365
6365
6365
6367
6367
6379
6379
6519
6519
6566
6566
6568
6568
6593
6593
6612
6612
6659
6659
6680
6680
6681
6681
6696
6696
6703
6703
6715
6715
6749
6749
6755
6755
6799
6799
6843
6843
6848
6848
6848
6850
6850
6853
6853
6861
6861
6872
6872
6902
6902
6912
6912
6955
6955
6972
6972
6972
7026
7026
7047
7047
7114
7114
7122
7122
7141
7141
7145
7145
7160
7160
7168
7168
7277
7277
7277
7289
7289
7323
7323
7349
7349
7354
7354
7433
7433
7458
7458
7461
7461
7502
7502
7502
7504
7504
7504
7536
7536
7538
7538
7571
7571
7649
7649
7683
7683
7702
7702
7805
7805
7817
7817
7833
7833
7911
7911
7913
7913
7921
7921
7928
7928
7998
7998
8015
8015
8021
8021
8041
8041
8122
8122
8122
8131
8131
8158
8158
8192
8192
8219
8219
8252
8252
8267
8267
8281
8281
8293
8293
8316
8316
8377
8377
8487
8487
8487
8501
8501
8510
8510
8515
8515
8519
8519
8535
8535
8542
8542
8543
8543
8653
8653
8661
8661
8677
8677
8705
8705
8705
8731
8731
8792
8792
8792
8792
8797
8797
8827
8827
8875
8875
8882
8882
8953
8953
8953
8975
8975
8991
8991
9030
9030
9036
9036
9063
9063
9125
9125
9130
9130
9142
9142
9142
9142
9180
9180
9238
9238
9252
9252
9260
9260
9300
9300
9324
9324
9330
9330
9334
9334
9334
9334
9337
9337
9337
9348
9348
9361
9361
9374
9374
9385
9385
9417
9417
9573
9573
9629
9629
9741
9741
9762
9762
9768
9768
9780
9780
9806
9806
9827
9827
9843
9843
9883
9883
9886
9886
9886
9899
9899
9947
9947
9962
9962
9967
9967
9974
9974
9974
262615
1767206
7763212
16278564
16303325
17359156
17658912
22734975
25164091
29064352
32568762
55313742
56952390
80261669
103957701
114569999
116753945
128144050
143220766
148411687
159553492
166226556
169762876
170930487
170932022
170932022
170932534
170995762
170996023
170997558
170998070
171061559
171062582
171063094
171063606
171128112
171192375
171193910
171194422
171257911
171258676
171259446
171259958
171323448
171389239
171389747
171390262
171390774
171391286
171454776
171455798
171456310
171456310
171456822
171520057
171521329
177749554
177992422
187004220
193229201
200621782
210790484
222632766
225581308
239920977
264761835
278044701
284493238
304342571
305478607
305898130
306067922
308932026
317556873
331765582
332820792
343559504
348481551
356316924
367831128
382787147
389695418
394025446
398772657
408741518
420244445
423795419
426565950
449002509
449627002
501262316
506392323
514199795
522950292
546663562
559045647
569655207
576163750
581195286
594297536
601017890
601194963
606507339
611827021
629421437
668685487
672165790
673457353
682477098
685972398
687006447
703001798
709288450
719670305
722895187
739675333
751023681
761674829
770737364
780833998
783324904
786218918
808464693
808913456
808913457
808913460
808913463
808913465
825494066
825569334
825690676
825690681
831783391
831883478
838530043
842085170
842150962
842336821
858403468
858993458
859255091
859310648
859941479
860309708
860604675
860873737
865339688
892602936
892734004
892734006
892930613
902745456
909259825
909445682
909511216
909511217
909511222
909511223
909511224
909511224
916947554
926288435
926288436
926353973
926429750
926485045
942683449
943065648
943065649
943065653
943065654
943065655
955665526
956157368
956476872
959722040
959842864
959842866
959842868
968795403
1000489954
1006148607
1007973763
1023285376
1037850681
1046319877
1055195787
1074649446
1077935456
1090761224
1101196507
1102557254
1103043512
1112098258
1114810896
1117037087
1154514729
1158611523
1159106965
1171788655
1177530486
1190127588
1206426195
1232785348
1238286568
1241563496
1242441136
1242687672
1246679944
1248002940
1258327907
1268184009
1276433240
1300198697
1302428105
1307365119
1313482503
1372810921
1377537984
1388238199
1392745410
1403825036
1406846530
1409357515
1415363872
1417526949
1428577372
1438313623
1439822338
1443421131
1477084052
1516318409
1534650765
1579415593
1582918151
1583251517
1602904244
1640698355
1643975361
1647885784
1662059886
1664513676
1675848570
1686371711
1698337861
1704771303
1711653232
1731650483
1748193743
1751425801
1756357779
1760609171
1795198836
1812768546
1825157075
1828032164
1829523442
1856606750
1859604821
1877853634
1878605173
1880512178
1891357524
1929971900
1932208460
1969444092
1980542752
1983088963
1985379177
2016085549
2041777624
2063099966
2091754278
2098812122
2135472950
2137973123
