0
1
2
4
5
7
8
10
11
12
14
15
17
18
20
21
22
24
25
27
28
30
31
32
34
35
37
38
40
41
42
44
45
47
48
48
50
51
52
54
55
57
58
60
61
62
64
65
67
68
70
71
72
74
75
77
78
80
81
82
84
85
87
88
90
91
92
94
95
97
98
100
101
102
104
105
107
108
110
111
112
114
115
117
118
120
121
122
124
125
127
128
130
131
132
134
135
137
138
140
141
142
144
145
147
148
150
151
152
154
155
157
158
158
160
161
162
164
165
167
168
170
171
172
174
175
177
178
180
181
182
184
185
187
188
190
191
192
194
195
197
198
200
201
202
204
205
207
208
210
211
212
214
215
217
218
220
221
222
224
225
227
227
228
230
231
232
234
235
237
238
240
241
242
244
245
247
248
250
251
252
254
255
257
258
260
261
262
264
265
267
268
270
271
272
274
275
277
278
280
281
282
284
285
287
288
290
291
292
294
295
297
298
300
301
302
304
305
307
308
310
311
312
314
315
317
318
320
321
322
324
325
327
328
330
331
332
334
335
337
338
340
341
342
344
345
347
348
350
351
352
354
355
357
358
360
361
362
364
365
367
368
370
371
372
374
375
377
378
380
381
382
384
385
387
388
390
391
392
394
395
397
398
400
401
402
404
405
407
408
410
411
412
414
415
417
418
420
421
422
424
425
427
428
430
431
432
434
435
437
438
440
441
442
444
445
447
448
450
451
452
454
455
457
458
460
461
462
464
465
467
468
470
471
472
474
475
477
478
480
481
482
484
485
487
488
490
491
492
494
495
497
498
500
501
501
502
504
505
507
508
510
511
512
514
515
517
518
520
521
522
524
525
527
528
530
531
532
534
535
537
538
540
541
542
544
545
547
548
550
551
552
554
555
557
558
560
561
562
564
565
567
568
570
571
572
574
575
577
578
580
581
582
584
585
587
588
590
591
592
594
595
597
598
600
601
602
604
605
607
608
610
611
612
614
615
617
618
620
621
622
624
625
627
628
630
631
632
634
635
637
638
640
641
642
644
645
647
648
650
651
652
654
655
657
658
660
661
662
664
665
667
668
670
671
672
674
675
677
678
680
681
682
684
684
685
687
688
690
691
692
694
695
697
698
700
701
702
704
705
707
708
710
711
712
714
715
717
718
720
721
722
724
725
727
728
730
731
732
734
735
737
738
740
741
742
744
745
747
748
750
751
752
754
755
757
758
760
761
762
764
765
767
768
770
771
772
774
775
777
778
780
781
782
784
785
787
788
790
791
792
794
795
797
798
800
801
802
804
805
807
808
810
811
812
814
815
817
818
820
821
822
824
825
827
828
830
831
832
834
835
837
838
840
841
842
844
845
847
848
850
851
852
854
855
857
858
860
861
862
864
865
867
868
870
871
872
874
875
877
878
880
881
882
884
885
887
888
890
891
892
894
895
897
898
900
901
902
904
905
907
908
910
911
912
914
915
917
918
920
921
922
924
925
927
928
930
931
932
934
935
937
938
940
941
942
944
945
947
948
950
951
952
954
955
957
958
960
961
962
964
965
967
968
970
971
972
974
975
977
978
980
981
982
984
985
987
988
990
991
992
994
995
997
998
2205
2748
2801
3156
3238
3650
3747
3956
4992
5042
5049
5060
5134
5165
5874
6295
6692
6849
7005
7458
7586
7623
8700
9940
10909
11782
11866
12142
12279
12599
12803
13472
13560
13565
14263
15525
15715
15740
16247
16378
16908
17714
17854
18238
18361
18572
18609
18935
19566
19573
19903
19919
20022
20247
20387
20589
20614
20778
20824
21007
21031
21113
21352
21800
21960
22202
22276
22778
22931
23052
23055
23125
23336
24226
24505
24955
25066
25919
27473
27582
27631
27774
28227
28311
28388
28723
30010
30101
30892
31134
31363
31736
31738
32501
32507
32608
33535
33549
33718
34639
34795
34890
35488
35650
35653
35731
36088
36202
36516
36541
36576
36610
36630
36917
36957
37357
37372
37890
37981
38999
39546
39573
39588
40263
40663
40942
41261
41421
41641
41670
41930
43549
44140
44705
44733
44928
45053
45451
45532
45942
46039
46669
47018
47415
47725
47726
47949
48794
49862
50103
50282
50441
50572
50728
50911
51000
51376
51421
51835
52337
52830
52865
53229
53536
53640
54031
54137
55021
55338
55753
56389
56435
56731
56910
57349
57528
57681
58065
58966
60199
60235
60275
60514
61283
61346
61634
62589
62879
63283
63294
63699
64246
64436
64531
64540
64640
65395
65685
66201
66848
67775
68299
68419
68914
69152
69343
69417
69678
69877
70036
70374
70492
71581
72052
72393
72450
72704
74201
75097
75206
75738
75982
76402
76761
77026
77806
78135
78665
78813
79052
79254
79612
79756
80102
80128
80273
80336
80624
80747
80963
81219
81580
82498
82635
82763
83154
83159
83227
83984
85184
85380
85487
85675
85696
86214
86460
87710
87806
88633
88901
89107
89704
89953
90775
91342
92792
93240
94149
94331
94702
94962
95089
95269
95503
95511
95693
95770
95818
95835
95858
96163
96211
96314
96661
97030
97162
97461
97642
97909
98366
98527
99420
99562
99874
99992
