1390812
1883650
2050007
4563183
4680722
4823821
6026057
8397710
8840362
9116532
9576007
10202696
10927603
15671582
21993268
22867998
26683668
29454261
31055403
31575087
35423309
39098955
39488558
42405304
43690050
45484423
50812807
53214044
54684017
55115951
57224567
58241669
60471703
63359193
67564300
71085788
78556032
78695376
79837769
81361543
84042836
84514844
84700903
85045758
85375782
86811435
87341958
89020883
89729992
97019908
97460876
100216827
100792646
105141629
105176302
106136142
106616684
111267636
115134823
116116195
116179535
120338378
120627754
121861750
122412851
123002380
125991782
128609909
133899610
134871617
135372740
141286838
141346501
142779554
148272927
149955319
151687381
151809186
152799388
155318094
155500403
155628777
155802223
156476294
158120978
159339376
159855652
162334567
162927403
166892677
170938266
171109103
178017492
178448329
179673657
182786667
183072013
187644131
190709548
198344911
201171165
205482117
205921345
205956844
208323589
210872805
216739756
217569908
217922741
218492373
219278947
220265354
224788786
226055974
227865839
229504451
235105426
236303521
236704008
237607650
240171882
240509525
241835240
245489216
245594385
248709550
248888981
252627828
253536995
256665510
257348353
258591579
260071822
262947523
264096083
264312241
265027768
266676647
266939800
267740437
269877367
272881025
273191810
274432472
275063201
277798173
278788819
280516090
282963538
283630841
285393778
285816657
287059861
287936370
291180639
297708221
298303485
300703435
302705413
303432548
304132629
304563446
305201973
305313372
306561626
309366000
312312765
313862054
315196360
318649391
319161648
319412642
321598970
322759217
324485509
327730619
331370682
331440013
331688389
332629694
333318954
337772848
337866943
338640709
341256880
352561051
354696739
357542271
359719459
360738145
361439887
362094754
362117359
363147183
363909012
364294522
368144352
376678563
377586596
378372869
383907101
384346233
385023602
386298595
388944489
389995704
390281987
390283030
395571798
397329139
399180852
400192315
400210652
400747999
402244740
403185252
409276209
410120914
413708865
414802407
416076463
416724221
421373018
422583765
424230147
425946398
428124350
430069539
433623889
444678297
446991867
447993036
450018332
450107495
450976048
451337600
452328534
454540076
456756149
457366185
460334636
461055496
463522072
464714577
465097698
466610991
467003691
468573502
469623269
471879090
478834944
480605891
481588129
482160008
484503828
487262078
488674790
489000888
489054979
489069579
492912483
496898478
501266868
503454055
507598053
510701495
512656128
513249925
513623924
517140378
520668547
522608095
527468831
528019846
530135146
530208174
530916586
533945222
538483586
539144249
540814490
541929957
547339545
547391027
548207060
555970635
560563432
561333801
562371279
567524581
567529704
572206715
576327657
579950121
581058617
582665156
585530744
585997540
586541440
589241598
597893787
599867461
599998691
601046695
602825497
608614939
609198274
614249191
615863653
620991382
627333824
629055171
629626137
632549549
637350027
641724166
642680025
648250063
651686740
652110372
653142417
653693052
657298579
661561061
661575675
663080663
663560121
665183606
671711378
675786908
680021011
681431581
681593208
682123015
683030834
683058706
684926865
685373092
685737643
687908009
689687409
692275940
696020860
696710572
699314596
702530862
705547143
705722419
709225055
716405273
718369988
719080731
727523824
729307594
730912136
731447444
734835074
740212171
749039346
756681613
761448058
761472333
768776872
770408498
771910286
772275378
773012047
779694813
782175459
789025185
790313757
795941652
796524097
804863088
805129496
807405676
807446946
807850277
808231001
810974763
814954751
817468120
819045254
819574472
825216871
827726539
831732156
833417861
835037974
839012001
840381012
854319454
858506693
860426233
862764677
862800054
865186832
865572566
868352619
870186031
871893426
873278269
873541750
879217575
882190852
888149644
889349127
893515399
895888227
898611862
900033873
905020671
907138167
907276339
908164450
911108704
916670698
919061863
919137783
919579653
920784964
922770056
926714461
927531649
928022235
929367706
934517931
935945545
936514207
936917902
937808830
939062793
939941749
940130734
941914118
942371500
942720806
945421332
948772803
949222683
950032863
952149901
952826166
954764137
955152502
955826752
958050032
967995048
968837339
968979849
971298414
973355849
975874545
976911049
979906904
980103165
980700419
984282710
988926027
989401612
992999896
995037318
997429935
1002632138
1007187841
1014870770
1015899324
1019283434
1019811370
1021050193
1027983259
1028260463
1031653299
1033087031
1038365342
1040487099
1043796801
1046271636
1049654895
1050600955
1052052442
1053904025
1055197447
1055531610
1058688628
1061097721
1063359256
1067874446
1068405245
1070055112
1072354458
1078100223
1078865472
1087173565
1088287331
1090162914
1090296262
1090512970
1091051995
1091170154
1092121180
1092335007
1094346462
1101949590
1102128840
1102672734
1102770168
1104509678
1104847839
1106456416
1111508982
1113752893
1114721118
1119354635
1119613195
1123563366
1130403928
1134021993
1134591821
1141933628
1146166044
1150975333
1156764013
1157198184
1157693131
1160897997
1162424969
1162994868
1167442781
1172318665
1174398955
1177876984
1178443407
1182356773
1191613180
1193023047
1193469333
1196322022
1198776835
1198792285
1199617166
1200656503
1203123369
1203907740
1205616930
1208021410
1213783578
1213810174
1214688083
1217133655
1218327363
1221016097
1221114485
1221754321
1222839498
1223864479
1224024967
1232640147
1235171598
1236255618
1237750338
1239774327
1242959321
1243711022
1245045926
1246801622
1247367591
1247416502
1249236559
1249772710
1250210875
1254604584
1254707664
1256983134
1265942542
1266960945
1275928051
1278690599
1281584497
1281761502
1282913022
1283737911
1286408379
1288285715
1290154084
1292292078
1292857335
1293777766
1295443112
1297092886
1297223503
1298335634
1300649198
1300957290
1302190678
1302811936
1303882385
1304074573
1306819013
1312251695
1319308457
1321534069
1322207779
1322705549
1326702999
1330538361
1330990526
1332252600
1339769205
1340103629
1347733850
1348525727
1350613147
1353343793
1355862868
1355897903
1356297624
1356404312
1362372618
1362584300
1363179253
1368462313
1369330238
1371717799
1372988689
1373450081
1374614766
1375056754
1379596053
1387267379
1390190129
1391698446
1397666445
1398053572
1398254740
1401624691
1406782552
1407599540
1409847231
1410207791
1411863962
1415951513
1416437604
1420986529
1424347662
1424730545
1427045074
1429124679
1430687063
1430793140
1431684047
1440825019
1441817014
1442768559
1445184419
1446876696
1447516931
1449683886
1452301221
1454433781
1458020440
1461451932
1462586705
1462871945
1464846540
1467238776
1471243601
1471563434
1476735900
1477875860
1478213948
1479877559
1480258771
1482881446
1483622681
1484007126
1485473921
1486099483
1487851559
1487956890
1496247744
1496547404
1497974307
1499350240
1500278599
1503755102
1511063469
1513043934
1513972667
1514749085
1516346028
1516472627
1516926350
1522653865
1523458424
1526738549
1531046105
1531478254
1534681255
1536562509
1543765282
1550451769
1553839436
1555321374
1567235634
1570221472
1572007212
1573117561
1579467613
1582771220
1584419390
1585633305
1585827863
1589459731
1597241052
1597978354
1602863446
1603134391
1605160796
1605214794
1609439611
1609648512
1610280852
1610407394
1613371354
1614475678
1614958907
1618187222
1619607362
1620719821
1622405513
1623396167
1624202219
1626306172
1628410318
1636182571
1636685169
1637351607
1638795792
1639774030
1643157239
1643301734
1643933007
1649490616
1649648757
1649690533
1655070847
1658738100
1658953714
1659241051
1660071420
1663328523
1665126968
1669010322
1672024436
1672793678
1675761980
1677606590
1680566344
1682587279
1683113216
1684684860
1685673722
1686001860
1686116045
1686583686
1686654711
1687073609
1688437409
1689013371
1689832950
1692904641
1695432843
1697322008
1698435633
1702769257
1704452389
1705023867
1706186367
1707762256
1707772166
1710834638
1717453962
1717630691
1717879633
1719433519
1720128231
1721148655
1721724030
1722337989
1722896403
1722984888
1723536913
1726464771
1727161731
1731257411
1731546806
1732154099
1732251556
1736008389
1736669216
1740265961
1741581331
1743716788
1743809037
1744602824
1745078125
1745506237
1746412763
1752423049
1753210172
1753474943
1758327173
1760243980
1760369284
1760420177
1762220959
1764489145
1764535811
1768321688
1769762735
1772222855
1772686939
1772704958
1773513956
1774987332
1777702979
1780156817
1780407449
1780530655
1781891800
1786170382
1788675786
1789832074
1791346017
1792240321
1795238778
1796435562
1798645171
1801544999
1807678797
1810010042
1815837504
1815987748
1816895531
1821269135
1824280384
1825107468
1825160213
1827626725
1827889464
1829505258
1831226922
1831736286
1832030706
1833999626
1834569737
1834574928
1836505801
1836717478
1838519714
1839135757
1841211491
1842130937
1842330640
1843267439
1843551719
1844430847
1847000838
1848028462
1850568565
1850571289
1853007343
1854630006
1857838284
1868508210
1872513228
1875741283
1876043620
1878238173
1879425733
1890475507
1890612220
1891477049
1891588491
1894604003
1895723118
1897194544
1897438000
1898844566
1900309219
1900995975
1903974029
1904673040
1906048778
1906654980
1912523834
1913865747
1914221675
1916951774
1917648307
1921163614
1921682685
1923155647
1927759378
1929234703
1929664759
1931981312
1932813092
1934380835
1935126358
1936045860
1936067219
1941471391
1941918761
1942300738
1942390483
1943843398
1945632425
1947615011
1947741031
1949523928
1949631609
1951480742
1955411015
1959582098
1960695520
1960780567
1964575465
1969248213
1969792221
1972427614
1972600928
1974197026
1975822607
1979824246
1980237035
1980888504
1982080736
1982266329
1982836611
1983838217
1994415880
1996842585
1998209212
1999205657
2000922914
2001991037
2002462009
2007301159
2007789885
2013050370
2027335687
2027583813
2028178568
2028457817
2031112776
2038735355
2040729393
2041683634
2042078839
2042278000
2043418125
2044108449
2046880816
2050470211
2050661357
2051091909
2052887110
2053505837
2060456106
2064898366
2066859613
2069136761
2074008456
2074010884
2074350566
2075382380
2075959232
2077967482
2078535672
2078536857
2080955172
2090233972
2096755298
2098976790
2099352519
2100300093
2101535712
2103878379
2105010941
2113943450
2116597829
2117659577
2120150963
2126158364
2128292511
2140990196
2143923124
2146032373
