1269684
1593809
2779442
3409242
4165604
4334300
5453323
7542519
7659732
10929673
13881093
15681509
16928137
20234965
20605549
20701096
22473898
23664115
27275533
28445857
29503949
31384309
35573113
39604976
44275829
49126498
52507204
56550189
57677043
60878917
63494323
64805818
65752180
69291951
74486109
78824493
79018286
79242193
81210222
82683839
83226657
83355777
85717303
86077466
86740328
87653555
90137531
91329982
94397172
94965783
109314581
111928369
112987469
113425241
114659762
120206631
121884846
123575142
128190825
128411430
129545170
131656377
135290319
139301444
139503893
141010841
146601097
147187906
148780353
154046492
154448218
157673973
158850765
159407746
161159338
161215208
162387696
163232898
164031805
168903342
175834806
181334022
186620699
187863295
194227974
196269206
200308748
202117691
202705081
203080365
206475036
211192683
216723209
221798335
222509703
225334632
228201091
228684093
235166243
239149160
241136560
242169332
243193037
244660226
248358214
249786213
251413974
251783624
253754751
254348741
255464918
258413335
261331515
268256361
268614551
271811832
271848333
273757881
274783355
279120506
279163266
287582529
288670146
292145823
293266824
294620766
295456986
295576527
295691804
300136391
300935663
304576526
309787356
312863803
313772414
317252192
318938043
321523384
321781414
322398097
327870868
330863050
330874728
334059147
334167247
339714274
340850651
341213536
342580900
347939382
349584943
350253346
351201513
351716074
354448633
355395644
356356691
357781281
359660340
362416040
363809482
365609568
367244575
370554264
373450453
374802048
374873053
377250024
378356581
379186264
379459320
385037548
385525478
387392522
388173985
391534842
392740149
395732597
398065644
398136574
407408284
408360674
409210515
409500662
409619318
412076188
412500542
414641522
417849235
418653584
426398311
429579594
429600072
430096617
432681062
435035386
437292521
437345048
438092292
438837321
439101239
439530668
439647593
440101495
442945653
444017902
444997703
445145323
446232739
447622364
454864917
455864670
457075659
457562627
461964818
467429546
470882503
473651022
475545275
476480105
478176564
478880460
480646092
480813202
481091938
482775746
494884644
495459919
496371695
496935644
497318786
498269632
499754410
509633965
513640554
514087381
516543690
516805887
520741906
520997456
521383960
524830311
525275843
526539061
526723358
538462049
545235211
545761144
547110747
548661729
550063547
550472291
555006894
555581008
556503536
564423560
564551372
565930878
567023926
568170350
568194957
570584891
571216669
571827221
577581804
578673888
579317504
581171969
583382572
589760638
589989177
593790370
594981567
596280466
598233562
602060463
602294599
612217331
612255471
614210023
615135175
615295649
617656429
621751616
627155747
627438294
631609056
638636451
638971953
640420779
641202480
645228255
648012810
650846517
650874356
650882325
654675269
656935320
658385879
658620916
660250303
661081912
663200493
665741202
665851689
676403697
676911273
678256248
679198548
683157810
683649190
684130071
685627364
687338176
687601639
688889644
690904105
697936435
701491063
702761473
704158475
704734912
706029299
707484952
710798810
711601355
711771399
716768019
722430876
722471299
726213762
726236168
731216467
731289491
734259239
736863419
739525035
740244700
745498108
745781835
746718805
751089536
752039423
752431122
753772465
755936421
761475206
762441285
764115150
765770273
768621773
769038891
770086055
772143918
772455955
773585987
786529514
786911642
796347173
796433265
798899851
799976729
803640119
805815518
805915079
808623120
809223736
812768479
814737884
822720681
822751271
822827167
822892527
826765291
828434772
828988844
830347395
832138097
835995008
837051449
837575885
842417232
851085132
852325772
856209311
859960876
860412660
863003356
863696173
868660228
869925503
870638002
885590741
886157156
887577508
888275064
895652871
896255756
896444753
896714444
898583147
903528188
906828546
906831618
913611066
915150730
916360119
916764702
923457451
923549241
923905319
924597326
932096732
935537874
939911200
940595219
942717193
942873870
947671745
949974092
955496617
956007470
956572918
960387587
963074608
965452837
968881651
974687763
975363553
979677644
980274706
982389003
986249377
987350132
995197174
999700766
1001565975
1002280234
1003937137
1004054168
1006886486
1008928526
1012034170
1015679629
1018016406
1018668688
1023058026
1023314152
1025379344
1026559841
1026828070
1029908294
1034499671
1034783737
1039796198
1041565076
1043320340
1044012625
1044920944
1047680367
1051122983
1051291716
1053041947
1054911993
1056310319
1058560656
1059691213
1060127354
1060195243
1064091912
1065684560
1067752182
1068040742
1069179460
1075116834
1076442938
1077388727
1078974722
1085697295
1086646290
1088424634
1088609098
1096602033
1098281705
1100153117
1102325471
1105970773
1105972135
1107664857
1110172480
1110763760
1114694093
1116181084
1116362502
1118942775
1124424677
1124821941
1125349271
1125670476
1126801709
1132903469
1137650794
1138242424
1139876390
1140829592
1140960066
1141220924
1141332686
1141790328
1142641365
1143570534
1144881471
1145310921
1148878649
1153341154
1157646274
1157731259
1158404563
1161982504
1167836716
1168259923
1168778357
1169910151
1170300335
1170791955
1172392570
1172919379
1185208308
1187830389
1195639529
1196182103
1196498813
1200472156
1201047807
1203698648
1204299400
1204690482
1204852956
1206599886
1207473174
1211540764
1211791029
1217256031
1217978242
1219446881
1220842933
1221204052
1223609868
1223757474
1224644552
1226328615
1231006870
1231145989
1238263003
1241801720
1241917198
1243327970
1243824548
1244530521
1245493220
1246651893
1249921814
1250428675
1250561969
1255688992
1259577098
1260321144
1261040171
1263379893
1268836622
1270539695
1270938197
1271518673
1271943257
1272324807
1282445849
1282469494
1284250006
1287640373
1290378431
1292152293
1292331315
1292420700
1293566497
1293685632
1299695576
1305817280
1307141961
1308450124
1313485321
1316679768
1322932676
1323222627
1324015728
1324377391
1328033579
1330183423
1330929778
1334964511
1335053094
1337073014
1337206022
1340936822
1341996596
1343921924
1346728263
1350419125
1356930231
1364407193
1364567698
1364905408
1366673377
1367754371
1370412042
1373169822
1374824316
1375082395
1383400998
1386596157
1388177588
1389317974
1389694573
1391935144
1392592660
1393473150
1396486667
1398176233
1399931751
1405579537
1406627287
1409777058
1411048197
1413625974
1413754846
1414263004
1415243558
1417534429
1417828121
1421728590
1421850739
1424281297
1426310819
1426834469
1427231694
1428765691
1430448058
1431178360
1434909391
1435496234
1435817214
1436009012
1436673023
1439629091
1442859388
1445280877
1452034770
1455875400
1457678778
1459663134
1464154391
1466895655
1468354188
1468410006
1469291417
1473038692
1477784389
1482867961
1484885281
1487026835
1487791289
1488521662
1491948115
1492953766
1499469124
1499635328
1501235537
1502048016
1503066480
1506319346
1507324235
1508911388
1514217759
1515536915
1516127084
1519086835
1520460538
1521006030
1521259547
1524375405
1526512185
1527875238
1528358129
1528968219
1529565655
1531714472
1533559378
1536838011
1539156269
1540395492
1542233620
1544665027
1545958823
1547376488
1549064849
1549549066
1550217951
1557172070
1561854554
1562110602
1567536484
1569506160
1570249134
1571083069
1571408241
1572740896
1573266552
1575823717
1576328463
1582457944
1587976378
1588141622
1588426383
1590319910
1590969856
1597906647
1600281906
1607133911
1611283521
1612907810
1614790011
1615043476
1619260660
1619402416
1624988143
1626206202
1626457348
1627530309
1633221823
1633403527
1633678446
1638342666
1638742281
1641159679
1642676354
1646282230
1647097072
1649293427
1649303027
1649922379
1652722597
1653147830
1654165632
1657447196
1657492718
1660117041
1662870152
1663091240
1667456263
1670098857
1670254257
1670399005
1671177384
1671373366
1672296625
1672517930
1672892535
1677258746
1678531680
1680522390
1682238641
1688474386
1689004596
1690436100
1690625530
1690629045
1691248934
1692881932
1700354873
1701507681
1707843048
1711867669
1715844444
1716052882
1716794407
1717245937
1718535951
1720900269
1725250551
1725828561
1726926434
1728254729
1728998132
1730232979
1737671268
1738122416
1741627345
1742618571
1746836672
1747835765
1748266171
1749290452
1756998746
1758175988
1761105590
1762631354
1763025610
1763915481
1764724172
1765236101
1766812537
1766909861
1769498332
1771731071
1774068093
1776611026
1779742038
1782208630
1785121098
1786436748
1787532516
1788205030
1789801669
1790089987
1793520971
1793731695
1798078427
1801714826
1807724954
1816139891
1817004330
1817858325
1818220719
1818864812
1819369611
1819759577
1821115885
1821410424
1822943919
1825607437
1826981700
1831734700
1832416009
1836727657
1837877324
1839403914
1840595830
1841451158
1841597105
1843754865
1843852556
1844947534
1848259246
1849509827
1850753528
1852487389
1853726696
1860305035
1861671104
1863116098
1865980840
1870669795
1871198233
1878272510
1878853852
1881188261
1881411144
1881756438
1885168194
1889625409
1891983197
1892715058
1892953572
1893627042
1893978296
1895603829
1896675786
1897984151
1897985408
1900144757
1902632024
1905794288
1909017372
1910456824
1911885846
1913220053
1913245428
1923094683
1924169081
1924807938
1929935845
1931679641
1931708577
1932808463
1934254062
1937718483
1939179112
1939382718
1941678308
1942480322
1944878354
1945029407
1946120686
1948120213
1950315462
1951377085
1953209685
1953992166
1960421572
1960785976
1968769946
1972181703
1972838457
1973189046
1973426186
1973463387
1976021135
1982204437
1983010572
1983549550
1984096061
1985286094
1985369947
1986962414
1987405000
1988123291
1992316154
1994429821
1994690764
1998207573
2001695070
2002048831
2002698945
2005069786
2005171092
2007186246
2007208290
2008012298
2009353903
2009821311
2011475760
2011997675
2014764581
2023247484
2023741791
2027306382
2030321780
2032749280
2034885511
2038821701
2039438688
2040180432
2041943481
2046674135
2047929620
2048715359
2049409221
2049767558
2052357647
2053708798
2056169902
2058225991
2060144918
2060912952
2065242127
2068967528
2070873687
2071077417
2071894016
2075830406
2076950432
2077783797
2079944280
2080515829
2080556880
2082831867
2083817041
2086568993
2088683733
2094385476
2095623881
2095729726
2102885287
2105146839
2115689850
2119917941
2120854899
2121235329
2123158194
2124063034
2124451312
2125909414
2126621660
2126864683
2127667428
2130362689
2134376553
2134920702
2141022617
2142940426
2144205171
