0
0
0
0
0
0
0
0
0
0
0
0
0
0
0
0
0
0
0
0
0
0
0
0
0
0
0
0
0
0
0
0
0
0
0
0
0
0
0
0
0
0
0
0
0
0
0
0
0
0
0
0
0
0
0
0
0
0
0
0
0
0
0
0
0
0
0
0
0
0
0
0
0
0
0
0
0
0
0
0
0
0
0
0
0
0
0
0
0
0
0
0
0
0
0
0
0
0
0
0
0
0
0
0
0
0
0
0
0
0
0
0
0
0
0
0
0
0
0
0
0
0
0
0
0
0
0
0
0
0
0
0
0
0
0
0
0
0
0
0
0
0
0
0
0
0
0
0
0
0
0
0
0
0
0
0
0
0
0
0
0
0
0
0
0
0
0
0
0
0
0
0
0
0
0
0
0
0
0
0
0
0
0
0
0
0
0
0
0
0
0
0
0
0
0
0
0
0
0
0
0
0
0
0
0
0
0
0
0
0
0
0
0
0
0
0
0
0
0
0
0
0
0
0
0
0
0
0
0
0
0
0
0
0
0
0
0
0
0
0
0
0
0
0
0
0
0
0
0
0
0
0
0
0
0
0
0
0
0
0
0
0
0
0
0
0
0
0
0
0
0
0
0
0
0
0
0
0
0
0
0
0
0
0
0
0
0
0
0
0
0
0
0
0
0
0
0
0
0
0
0
0
0
0
0
0
0
0
0
0
0
0
0
0
0
0
0
0
0
0
0
0
0
0
0
0
0
0
0
0
0
0
0
0
0
0
0
0
0
0
0
0
0
0
0
0
0
0
0
0
0
0
0
0
0
0
0
0
0
0
0
0
0
0
0
0
0
0
0
0
0
0
0
0
0
0
0
0
0
0
0
0
0
0
0
0
0
0
0
0
0
0
0
0
0
0
0
0
0
0
0
0
0
0
0
0
0
0
0
0
0
0
0
0
0
0
0
0
0
0
0
0
0
0
0
0
0
0
0
0
0
0
0
0
0
0
0
0
0
0
0
0
0
0
0
0
0
0
0
0
0
0
0
0
0
0
0
0
0
0
0
0
0
0
0
0
0
0
0
0
0
0
0
0
0
0
0
0
0
0
0
0
0
0
0
0
0
0
0
0
0
0
0
0
0
0
0
0
0
0
0
0
0
0
0
0
0
0
0
0
0
0
0
0
0
0
0
0
0
0
0
0
0
0
0
0
0
0
0
0
0
0
0
0
0
0
0
0
0
0
0
0
0
0
0
0
0
0
0
0
0
0
0
0
0
0
0
0
0
0
0
0
0
0
0
0
0
0
0
0
0
0
0
0
0
0
0
0
0
0
0
0
0
0
0
0
0
0
0
0
0
0
0
0
0
0
0
0
0
0
0
0
0
0
0
0
0
0
0
0
0
0
0
0
0
0
0
0
0
0
0
0
0
0
0
0
0
0
0
0
0
0
0
0
0
0
0
0
0
0
0
0
0
0
0
0
0
0
0
0
0
0
0
0
0
0
0
0
0
0
0
0
0
0
0
0
0
0
0
0
0
0
0
0
0
0
0
0
0
0
0
0
0
0
0
0
0
0
0
0
0
0
0
0
0
0
0
0
0
0
0
0
0
0
0
0
0
0
0
0
0
0
0
0
0
0
0
0
0
0
0
0
0
0
0
0
0
0
0
0
0
0
0
0
0
0
0
0
0
0
0
0
0
0
0
0
0
0
0
0
0
0
0
0
0
0
0
0
0
0
0
0
0
0
0
0
0
0
0
0
0
0
0
0
0
0
0
0
0
0
0
0
0
0
0
0
0
0
0
0
0
0
0
0
0
0
0
0
0
0
0
0
0
0
0
0
0
0
0
0
0
0
0
0
0
0
0
0
0
0
0
0
0
0
0
0
0
0
0
0
0
0
0
0
0
0
0
0
0
0
0
0
0
0
0
0
0
0
0
0
0
0
0
0
0
0
0
0
0
0
0
0
0
0
0
0
0
0
0
0
0
0
0
0
0
0
0
0
0
0
0
0
0
0
0
0
0
0
0
0
0
0
0
0
0
0
0
0
0
0
0
0
0
0
0
0
0
0
0
0
0
0
0
0
0
0
0
0
0
0
0
0
0
0
0
0
0
0
0
0
0
0
0
0
0
0
0
0
0
0
0
0
0
0
0
0
0
0
0
0
0
0
0
0
0
0
0
0
0
0
0
0
0
0
0
0
0
0
0
0
0
0
0
0
0
0
0
0
0
0
0
0
0
0
0
0
0
0
0
0
0
0
0
0
0
0
0
0
0
0
0
0
0
0
0
0
0
0
0
0
0
0
0
0
0
0
0
0
0
0
0
0
0
0
0
0
0
0
0
0
0
0
0
0
0
0
0
0
0
0
0
0
0
0
0
0
0
0
0
0
0
0
0
0
0
0
0
0
0
0
0
0
0
0
0
0
0
0
0
0
0
0
0
0
0
0
0
0
0
0
0
0
0
0
0
0
0
0
0
0
0
0
0
0
0
0
0
0
0
0
0
0
0
0
0
0
0
0
0
0
0
0
0
0
0
0
0
0
0
0
0
0
0
0
0
0
0
0
0
0
0
0
0
0
0
0
0
0
0
0
0
0
0
0
0
0
0
0
0
0
0
0
0
0
0
0
0
0
0
0
0
0
0
0
0
0
0
0
0
0
0
0
0
0
0
0
0
0
0
0
0
0
0
0
0
0
0
0
0
0
0
0
0
0
0
0
0
0
0
0
0
0
0
0
0
0
0
0
0
0
0
0
0
0
0
0
0
0
0
0
0
0
0
0
0
0
0
0
0
0
0
0
0
0
0
0
0
0
0
0
0
0
0
0
0
0
0
0
0
0
0
0
0
0
0
0
0
0
0
0
0
0
0
0
0
0
0
0
0
0
0
0
0
0
0
0
0
0
0
0
0
0
0
0
0
0
0
0
0
0
0
0
0
0
0
0
0
0
0
0
0
0
0
0
0
0
0
0
0
0
0
0
0
0
0
0
0
0
0
0
0
0
0
0
0
0
0
0
0
0
0
0
0
0
0
0
0
0
0
0
0
0
0
0
0
0
0
0
0
0
0
0
0
0
0
0
0
0
0
0
0
0
0
0
0
0
0
0
0
0
0
0
0
0
0
0
0
0
0
0
0
0
0
0
0
0
0
0
0
0
0
0
0
0
0
0
0
0
0
0
0
0
0
0
0
0
0
0
0
0
0
0
0
0
0
0
0
0
0
0
0
0
0
0
0
0
0
0
0
0
0
0
0
0
0
0
0
0
0
0
0
0
0
0
0
0
0
0
0
0
0
0
0
0
0
0
0
0
0
0
0
0
0
0
0
0
0
0
0
0
0
0
0
0
0
0
0
0
0
0
0
0
0
0
0
0
0
0
0
0
0
0
0
0
0
0
0
0
0
0
0
0
0
0
0
0
0
0
0
0
0
0
0
0
0
0
0
0
0
0
0
0
0
0
0
0
0
0
0
0
0
0
0
0
0
0
0
0
0
0
0
0
0
0
0
0
0
0
0
0
0
0
0
0
0
0
0
0
0
0
0
0
0
0
0
0
0
0
0
0
0
0
0
0
0
0
0
0
0
0
0
0
0
0
0
0
0
0
0
0
0
0
0
0
0
0
0
0
0
0
0
0
0
0
0
0
0
0
0
0
0
0
0
0
0
0
0
0
0
0
0
0
0
0
0
0
0
0
0
0
0
0
0
0
0
0
0
0
0
0
0
0
0
0
0
0
0
0
0
0
0
0
0
0
0
0
0
0
0
0
0
0
0
0
0
0
0
0
0
0
0
0
0
0
0
0
0
0
0
0
0
0
0
0
0
0
0
0
0
0
0
0
0
0
0
0
0
0
0
0
0
0
0
0
0
0
0
0
0
0
0
0
0
0
0
0
0
0
0
0
0
0
0
0
0
0
0
0
0
0
0
0
0
0
0
0
0
0
0
0
0
0
0
0
0
0
0
0
0
0
0
0
0
0
0
0
0
0
0
0
0
0
0
0
0
0
0
0
0
0
0
0
0
0
0
0
0
0
0
0
0
0
0
0
0
0
0
0
0
0
0
0
0
0
0
0
0
0
0
0
0
0
0
0
0
0
0
0
0
0
0
0
0
0
0
0
0
0
0
0
0
0
0
0
0
0
0
0
0
0
0
0
0
0
0
0
0
0
0
0
0
0
0
0
0
0
0
0
0
0
0
0
0
0
0
0
0
0
0
0
0
0
0
0
0
0
0
0
0
0
0
0
0
0
0
0
0
0
0
0
0
0
0
0
0
0
0
0
0
0
0
0
0
0
0
0
0
0
0
0
0
0
0
0
0
0
0
0
0
0
0
0
0
0
0
0
0
0
0
0
0
0
0
0
0
0
0
0
0
0
0
0
0
0
0
0
0
0
0
0
0
0
0
0
0
0
0
0
0
0
0
0
0
0
0
0
0
0
0
0
0
0
0
0
0
0
0
0
0
0
0
0
0
0
0
0
0
0
0
0
0
0
0
0
0
0
0
0
0
0
0
0
0
0
0
0
0
0
0
0
0
0
0
0
0
0
0
0
0
0
0
0
0
0
0
0
0
0
0
0
0
0
0
0
0
0
0
0
0
0
0
0
0
0
0
0
0
0
0
0
0
0
0
0
0
0
0
0
0
0
0
0
0
0
0
0
0
0
0
0
0
0
0
0
0
0
0
0
0
0
0
0
0
0
0
0
0
0
0
0
0
0
0
0
0
0
0
0
0
0
0
0
0
0
0
0
0
0
0
0
0
0
0
0
0
0
0
0
0
0
0
0
0
0
0
0
0
0
0
0
0
0
0
0
0
0
0
0
0
0
0
0
0
0
0
0
0
0
0
0
0
0
0
0
0
0
0
0
0
0
0
0
0
0
0
0
0
0
0
0
0
0
0
0
0
0
0
0
0
0
0
0
0
0
0
0
0
0
0
0
0
0
0
0
0
0
0
0
0
0
0
0
0
0
0
0
0
0
0
0
0
0
0
0
0
0
0
0
0
0
0
0
0
0
0
0
0
0
0
0
0
0
0
0
0
0
0
0
0
0
0
0
0
0
0
0
0
0
0
0
0
0
0
0
0
0
0
0
0
0
0
0
0
0
0
0
0
0
0
0
0
0
0
0
0
0
0
0
0
0
0
0
0
0
0
0
0
0
0
0
0
0
0
0
0
0
0
0
0
0
0
0
0
0
0
0
0
0
0
0
0
0
0
0
0
0
0
0
0
0
0
0
0
0
0
0
0
0
0
0
0
8
8
12
12
14
14
19
19
22
22
22
31
31
33
33
33
35
35
44
44
46
46
62
62
63
63
64
64
65
65
65
66
66
66
66
70
70
76
76
77
77
86
86
87
87
87
87
87
90
90
92
92
96
96
96
97
97
106
106
111
111
111
116
116
116
123
123
138
138
138
143
143
143
143
144
144
145
145
148
148
153
153
154
154
165
165
171
171
171
179
179
182
182
186
186
188
188
189
189
190
190
190
198
198
198
206
206
209
209
209
211
211
211
218
218
221
221
240
240
249
249
254
254
256
256
256
257
257
257
263
263
266
266
272
272
272
275
275
275
275
280
280
282
282
282
287
287
292
292
295
295
295
299
299
310
310
312
312
323
323
323
326
326
326
334
334
338
338
339
339
341
341
349
349
349
349
350
350
357
357
357
359
359
363
363
366
366
368
368
371
371
373
373
373
375
375
376
376
376
382
382
395
395
403
403
404
404
407
407
408
408
411
411
414
414
420
420
430
430
434
434
436
436
437
437
437
438
438
444
444
453
453
463
463
463
470
470
470
471
471
476
476
476
476
478
478
488
488
497
497
497
498
498
498
504
504
507
507
508
508
508
520
520
523
523
523
526
526
527
527
529
529
533
533
533
539
539
539
540
540
540
540
543
543
543
545
545
545
545
549
549
561
561
563
563
563
566
566
569
569
573
573
581
581
583
583
584
584
584
587
587
589
589
592
592
595
595
599
599
600
600
600
603
603
607
607
608
608
610
610
610
611
611
615
615
615
618
618
618
621
621
621
623
623
625
625
625
627
627
628
628
633
633
636
636
639
639
647
647
648
648
651
651
654
654
654
662
662
663
663
664
664
665
665
665
666
666
668
668
671
671
672
672
689
689
696
696
696
699
699
703
703
703
704
704
704
704
705
705
706
706
707
707
710
710
710
710
712
712
713
713
715
715
717
717
724
724
724
730
730
733
733
735
735
739
739
739
748
748
752
752
754
754
755
755
755
757
757
761
761
761
762
762
767
767
774
774
778
778
778
786
786
789
789
792
792
793
793
796
796
797
797
797
802
802
802
802
802
818
818
819
819
819
823
823
825
825
825
830
830
830
844
844
850
850
853
853
853
853
854
854
854
855
855
855
858
858
861
861
861
869
869
870
870
871
871
873
873
873
874
874
874
874
876
876
879
879
879
879
879
879
881
881
882
882
887
887
891
891
897
897
901
901
903
903
911
911
911
911
922
922
933
933
937
937
937
937
937
937
939
939
943
943
943
943
943
948
948
950
950
953
953
958
958
959
959
961
961
962
962
962
963
963
971
971
972
972
976
976
978
978
979
979
990
990
990
991
991
1007
1007
1007
1012
1012
1014
1014
1018
1018
1019
1019
1019
1030
1030
1031
1031
1044
1044
1059
1059
1060
1060
1061
1061
1062
1062
1063
1063
1073
1073
1076
1076
1079
1079
1083
1083
1086
1086
1089
1089
1089
1092
1092
1108
1108
1108
1115
1115
1115
1125
1125
1126
1126
1126
1143
1143
1144
1144
1147
1147
1148
1148
1148
1150
1150
1150
1152
1152
1152
1152
1161
1161
1162
1162
1168
1168
1168
1168
1169
1169
1169
1169
1173
1173
1173
1178
1178
1178
1178
1180
1180
1183
1183
1183
1187
1187
1187
1187
1188
1188
1191
1191
1192
1192
1192
1192
1201
1201
1202
1202
1206
1206
1209
1209
1209
1209
1211
1211
1211
1215
1215
1220
1220
1223
1223
1223
1224
1224
1230
1230
1230
1239
1239
1241
1241
1250
1250
1250
1250
1251
1251
1251
1253
1253
1257
1257
1261
1261
1266
1266
1267
1267
1275
1275
1282
1282
1289
1289
1289
1291
1291
1291
1295
1295
1296
1296
1297
1297
1297
1301
1301
1304
1304
1308
1308
1316
1316
1317
1317
1323
1323
1323
1324
1324
1324
1329
1329
1330
1330
1330
1335
1335
1338
1338
1339
1339
1343
1343
1343
1346
1346
1346
1347
1347
1360
1360
1361
1361
1361
1367
1367
1369
1369
1369
1373
1373
1375
1375
1379
1379
1390
1390
1395
1395
1397
1397
1398
1398
1398
1400
1400
1406
1406
1406
1408
1408
1412
1412
1413
1413
1413
1413
1414
1414
1414
1415
1415
1426
1426
1430
1430
1430
1432
1432
1439
1439
1440
1440
1443
1443
1443
1447
1447
1459
1459
1459
1459
1459
1460
1460
1460
1463
1463
1472
1472
1472
1472
1473
1473
1475
1475
1476
1476
1477
1477
1486
1486
1487
1487
1487
1488
1488
1489
1489
1492
1492
1499
1499
1499
1499
1504
1504
1504
1507
1507
1510
1510
1519
1519
1519
1521
1521
1522
1522
1523
1523
1525
1525
1525
1531
1531
1534
1534
1534
1534
1537
1537
1539
1539
1545
1545
1548
1548
1548
1548
1552
1552
1553
1553
1553
1557
1557
1565
1565
1567
1567
1572
1572
1575
1575
1577
1577
1577
1582
1582
1585
1585
1586
1586
1586
1587
1587
1600
1600
1600
1605
1605
1606
1606
1608
1608
1609
1609
1611
1611
1614
1614
1614
1616
1616
1618
1618
1622
1622
1626
1626
1632
1632
1632
1633
1633
1636
1636
1636
1639
1639
1639
1647
1647
1647
1655
1655
1656
1656
1659
1659
1662
1662
1663
1663
1665
1665
1666
1666
1671
1671
1675
1675
1675
1679
1679
1680
1680
1689
1689
1689
1692
1692
1697
1697
1698
1698
1698
1705
1705
1705
1709
1709
1709
1713
1713
1714
1714
1718
1718
1725
1725
1729
1729
1730
1730
1733
1733
1739
1739
1744
1744
1751
1751
1760
1760
1760
1764
1764
1770
1770
1770
1771
1771
1772
1772
1790
1790
1790
1796
1796
1800
1800
1800
1808
1808
1812
1812
1818
1818
1821
1821
1824
1824
1836
1836
1836
1838
1838
1838
1842
1842
1843
1843
1843
1843
1845
1845
1845
1845
1848
1848
1854
1854
1856
1856
1857
1857
1857
1858
1858
1866
1866
1867
1867
1871
1871
1871
1873
1873
1873
1873
1888
1888
1890
1890
1892
1892
1892
1892
1892
1894
1894
1894
1894
1899
1899
1899
1904
1904
1904
1906
1906
1906
1915
1915
1921
1921
1922
1922
1922
1922
1933
1933
1933
1937
1937
1940
1940
1940
1943
1943
1943
1945
1945
1949
1949
1952
1952
1952
1967
1967
1967
1973
1973
1974
1974
1975
1975
1978
1978
1978
1979
1979
1982
1982
1985
1985
1989
1989
1990
1990
1991
1991
1994
1994
1994
2003
2003
2005
2005
2006
2006
2006
2011
2011
2012
2012
2015
2015
2015
2017
2017
2020
2020
2020
2025
2025
2026
2026
2030
2030
2035
2035
2050
2050
2055
2055
2056
2056
2064
2064
2064
2064
2071
2071
2071
2073
2073
2075
2075
2077
2077
2080
2080
2080
2082
2082
2082
2082
2100
2100
2102
2102
2104
2104
2104
2111
2111
2114
2114
2119
2119
2121
2121
2123
2123
2129
2129
2129
2134
2134
2139
2139
2140
2140
2144
2144
2149
2149
2154
2154
2160
2160
2169
2169
2170
2170
2170
2176
2176
2179
2179
2179
2182
2182
2182
2184
2184
2184
2193
2193
2206
2206
2206
2207
2207
2209
2209
2214
2214
2215
2215
2215
2215
2216
2216
2216
2228
2228
2228
2236
2236
2241
2241
2241
2242
2242
2242
2243
2243
2243
2243
2262
2262
2262
2262
2268
2268
2268
2269
2269
2269
2270
2270
2272
2272
2272
2280
2280
2280
2280
2281
2281
2284
2284
2284
2301
2301
2318
2318
2320
2320
2327
2327
2328
2328
2331
2331
2337
2337
2340
2340
2344
2344
2344
2353
2353
2359
2359
2359
2359
2364
2364
2368
2368
2368
2368
2372
2372
2372
2373
2373
2373
2373
2376
2376
2376
2376
2379
2379
2380
2380
2395
2395
2396
2396
2398
2398
2400
2400
2400
2405
2405
2410
2410
2410
2410
2412
2412
2412
2412
2418
2418
2419
2419
2419
2423
2423
2424
2424
2426
2426
2427
2427
2431
2431
2433
2433
2433
2433
2436
2436
2441
2441
2443
2443
2445
2445
2445
2447
2447
2449
2449
2449
2454
2454
2455
2455
2455
2457
2457
2457
2458
2458
2470
2470
2471
2471
2472
2472
2472
2483
2483
2485
2485
2488
2488
2494
2494
2495
2495
2496
2496
2504
2504
2504
2507
2507
2507
2508
2508
2508
2509
2509
2516
2516
2521
2521
2521
2522
2522
2522
2530
2530
2532
2532
2533
2533
2534
2534
2534
2537
2537
2539
2539
2542
2542
2545
2545
2546
2546
2546
2550
2550
2550
2550
2554
2554
2555
2555
2561
2561
2567
2567
2567
2568
2568
2572
2572
2572
2579
2579
2589
2589
2591
2591
2594
2594
2597
2597
2601
2601
2607
2607
2611
2611
2613
2613
2614
2614
2616
2616
2618
2618
2629
2629
2630
2630
2630
2630
2635
2635
2635
2636
2636
2638
2638
2638
2641
2641
2646
2646
2646
2647
2647
2647
2649
2649
2653
2653
2653
2660
2660
2660
2661
2661
2662
2662
2662
2665
2665
2668
2668
2673
2673
2673
2673
2673
2674
2674
2675
2675
2685
2685
2704
2704
2706
2706
2713
2713
2718
2718
2719
2719
2719
2721
2721
2723
2723
2723
2730
2730
2732
2732
2734
2734
2734
2741
2741
2741
2742
2742
2743
2743
2743
2746
2746
2758
2758
2760
2760
2765
2765
2765
2766
2766
2771
2771
2772
2772
2772
2781
2781
2804
2804
2804
2804
2806
2806
2810
2810
2810
2812
2812
2814
2814
2814
2834
2834
2835
2835
2843
2843
2844
2844
2848
2848
2849
2849
2850
2850
2856
2856
2857
2857
2857
2858
2858
2864
2864
2872
2872
2875
2875
2875
2878
2878
2884
2884
2887
2887
2891
2891
2892
2892
2893
2893
2894
2894
2895
2895
2898
2898
2898
2903
2903
2905
2905
2906
2906
2917
2917
2917
2917
2917
2917
2925
2925
2925
2925
2930
2930
2934
2934
2937
2937
2937
2943
2943
2944
2944
2948
2948
2949
2949
2949
2949
2951
2951
2952
2952
2952
2956
2956
2956
2964
2964
2965
2965
2965
2965
2966
2966
2978
2978
2978
2978
2978
2979
2979
2981
2981
2983
2983
2993
2993
2997
2997
3003
3003
3004
3004
3006
3006
3006
3006
3014
3014
3017
3017
3021
3021
3025
3025
3027
3027
3034
3034
3035
3035
3037
3037
3044
3044
3049
3049
3051
3051
3051
3061
3061
3062
3062
3062
3062
3077
3077
3077
3093
3093
3093
3093
3096
3096
3107
3107
3111
3111
3112
3112
3114
3114
3116
3116
3119
3119
3124
3124
3128
3128
3128
3128
3135
3135
3137
3137
3137
3138
3138
3138
3138
3148
3148
3151
3151
3168
3168
3168
3168
3168
3172
3172
3176
3176
3187
3187
3193
3193
3193
3193
3193
3203
3203
3209
3209
3211
3211
3212
3212
3212
3212
3218
3218
3225
3225
3228
3228
3230
3230
3233
3233
3233
3234
3234
3234
3235
3235
3238
3238
3238
3249
3249
3249
3250
3250
3250
3267
3267
3268
3268
3273
3273
3273
3276
3276
3283
3283
3283
3283
3286
3286
3286
3286
3288
3288
3294
3294
3297
3297
3310
3310
3310
3312
3312
3326
3326
3340
3340
3340
3340
3341
3341
3341
3345
3345
3355
3355
3355
3358
3358
3360
3360
3360
3361
3361
3361
3361
3374
3374
3374
3377
3377
3383
3383
3386
3386
3387
3387
3387
3390
3390
3395
3395
3397
3397
3403
3403
3403
3403
3403
3405
3405
3412
3412
3414
3414
3423
3423
3423
3424
3424
3424
3436
3436
3439
3439
3445
3445
3454
3454
3457
3457
3463
3463
3463
3464
3464
3469
3469
3469
3477
3477
3480
3480
3484
3484
3495
3495
3497
3497
3499
3499
3499
3499
3505
3505
3505
3505
3505
3508
3508
3525
3525
3525
3525
3525
3530
3530
3534
3534
3535
3535
3542
3542
3542
3545
3545
3546
3546
3546
3551
3551
3551
3555
3555
3556
3556
3560
3560
3560
3562
3562
3562
3564
3564
3569
3569
3584
3584
3586
3586
3592
3592
3592
3592
3593
3593
3598
3598
3602
3602
3606
3606
3610
3610
3612
3612
3616
3616
3616
3619
3619
3623
3623
3630
3630
3631
3631
3632
3632
3635
3635
3640
3640
3642
3642
3643
3643
3643
3643
3646
3646
3649
3649
3649
3658
3658
3660
3660
3660
3662
3662
3665
3665
3668
3668
3674
3674
3683
3683
3713
3713
3714
3714
3714
3721
3721
3721
3721
3722
3722
3722
3723
3723
3728
3728
3743
3743
3762
3762
3775
3775
3775
3775
3775
3775
3775
3781
3781
3784
3784
3784
3792
3792
3792
3795
3795
3799
3799
3799
3800
3800
3800
3802
3802
3803
3803
3810
3810
3810
3814
3814
3815
3815
3816
3816
3817
3817
3818
3818
3819
3819
3819
3819
3824
3824
3831
3831
3840
3840
3843
3843
3849
3849
3855
3855
3855
3856
3856
3857
3857
3857
3858
3858
3858
3870
3870
3876
3876
3876
3877
3877
3881
3881
3881
3881
3884
3884
3890
3890
3891
3891
3894
3894
3894
3894
3896
3896
3897
3897
3904
3904
3910
3910
3912
3912
3915
3915
3918
3918
3919
3919
3922
3922
3926
3926
3926
3932
3932
3937
3937
3937
3939
3939
3940
3940
3942
3942
3943
3943
3948
3948
3955
3955
3962
3962
3964
3964
3965
3965
3967
3967
3970
3970
3974
3974
3974
3974
3977
3977
3978
3978
3978
3981
3981
3981
3987
3987
3988
3988
3990
3990
3990
3990
3990
3991
3991
3997
3997
4000
4000
4002
4002
4009
4009
4009
4011
4011
4011
4012
4012
4019
4019
4024
4024
4024
4039
4039
4039
4044
4044
4045
4045
4047
4047
4047
4051
4051
4056
4056
4066
4066
4067
4067
4067
4069
4069
4070
4070
4085
4085
4090
4090
4090
4090
4090
4090
4093
4093
4093
4098
4098
4105
4105
4105
4105
4106
4106
4109
4109
4110
4110
4110
4114
4114
4114
4114
4116
4116
4116
4118
4118
4118
4124
4124
4128
4128
4135
4135
4142
4142
4149
4149
4150
4150
4154
4154
4154
4155
4155
4160
4160
4160
4162
4162
4167
4167
4167
4167
4168
4168
4168
4171
4171
4173
4173
4173
4173
4188
4188
4190
4190
4191
4191
4192
4192
4192
4197
4197
4198
4198
4198
4210
4210
4210
4214
4214
4216
4216
4216
4218
4218
4218
4219
4219
4219
4220
4220
4225
4225
4228
4228
4231
4231
4231
4231
4248
4248
4248
4251
4251
4251
4255
4255
4257
4257
4264
4264
4265
4265
4269
4269
4269
4271
4271
4272
4272
4272
4272
4278
4278
4279
4279
4279
4280
4280
4281
4281
4284
4284
4286
4286
4286
4286
4288
4288
4291
4291
4291
4300
4300
4300
4309
4309
4312
4312
4312
4312
4320
4320
4320
4321
4321
4328
4328
4328
4336
4336
4341
4341
4343
4343
4352
4352
4352
4353
4353
4353
4353
4353
4360
4360
4361
4361
4363
4363
4363
4372
4372
4373
4373
4373
4382
4382
4384
4384
4384
4384
4393
4393
4394
4394
4395
4395
4395
4401
4401
4402
4402
4402
4406
4406
4406
4406
4410
4410
4412
4412
4420
4420
4426
4426
4431
4431
4438
4438
4439
4439
4440
4440
4445
4445
4448
4448
4456
4456
4462
4462
4462
4473
4473
4476
4476
4480
4480
4480
4482
4482
4485
4485
4495
4495
4497
4497
4497
4499
4499
4499
4500
4500
4500
4500
4500
4512
4512
4512
4512
4518
4518
4519
4519
4519
4519
4520
4520
4526
4526
4529
4529
4529
4537
4537
4537
4540
4540
4542
4542
4543
4543
4543
4547
4547
4551
4551
4551
4552
4552
4552
4552
4556
4556
4561
4561
4569
4569
4570
4570
4570
4576
4576
4576
4576
4588
4588
4588
4590
4590
4591
4591
4592
4592
4593
4593
4597
4597
4598
4598
4598
4599
4599
4599
4605
4605
4606
4606
4608
4608
4615
4615
4615
4615
4618
4618
4620
4620
4620
4630
4630
4641
4641
4653
4653
4658
4658
4658
4660
4660
4660
4663
4663
4666
4666
4669
4669
4671
4671
4676
4676
4677
4677
4679
4679
4687
4687
4691
4691
4694
4694
4704
4704
4711
4711
4715
4715
4734
4734
4744
4744
4744
4745
4745
4746
4746
4749
4749
4755
4755
4755
4756
4756
4761
4761
4768
4768
4771
4771
4776
4776
4780
4780
4789
4789
4789
4791
4791
4791
4800
4800
4802
4802
4803
4803
4803
4809
4809
4811
4811
4811
4811
4812
4812
4812
4818
4818
4820
4820
4826
4826
4839
4839
4839
4840
4840
4846
4846
4850
4850
4853
4853
4858
4858
4858
4871
4871
4871
4872
4872
4881
4881
4881
4887
4887
4889
4889
4890
4890
4895
4895
4896
4896
4896
4900
4900
4903
4903
4904
4904
4904
4906
4906
4908
4908
4908
4910
4910
4913
4913
4914
4914
4914
4921
4921
4922
4922
4922
4924
4924
4925
4925
4935
4935
4935
4937
4937
4937
4937
4937
4940
4940
4956
4956
4958
4958
4958
4963
4963
4968
4968
4972
4972
4979
4979
4982
4982
4982
4984
4984
4984
4988
4988
4988
4993
4993
5006
5006
5006
5006
5006
5010
5010
5011
5011
5011
5013
5013
5023
5023
5023
5027
5027
5033
5033
5039
5039
5039
5041
5041
5041
5046
5046
5048
5048
5054
5054
5054
5059
5059
5059
5063
5063
5063
5063
5070
5070
5072
5072
5078
5078
5085
5085
5089
5089
5089
5095
5095
5096
5096
5096
5099
5099
5105
5105
5105
5115
5115
5115
5122
5122
5127
5127
5131
5131
5131
5132
5132
5134
5134
5136
5136
5137
5137
5140
5140
5140
5141
5141
5145
5145
5145
5145
5150
5150
5150
5151
5151
5151
5151
5153
5153
5168
5168
5168
5168
5168
5170
5170
5172
5172
5173
5173
5174
5174
5174
5176
5176
5177
5177
5181
5181
5190
5190
5194
5194
5201
5201
5208
5208
5208
5208
5215
5215
5218
5218
5218
5221
5221
5225
5225
5225
5225
5225
5229
5229
5229
5232
5232
5233
5233
5238
5238
5250
5250
5253
5253
5257
5257
5261
5261
5265
5265
5266
5266
5266
5266
5269
5269
5269
5270
5270
5277
5277
5292
5292
5292
5293
5293
5294
5294
5297
5297
5298
5298
5299
5299
5307
5307
5310
5310
5310
5311
5311
5332
5332
5338
5338
5338
5349
5349
5349
5351
5351
5351
5351
5364
5364
5370
5370
5370
5371
5371
5377
5377
5379
5379
5379
5381
5381
5382
5382
5382
5390
5390
5390
5390
5391
5391
5391
5391
5401
5401
5407
5407
5407
5407
5413
5413
5421
5421
5424
5424
5426
5426
5429
5429
5431
5431
5436
5436
5436
5439
5439
5439
5439
5439
5441
5441
5445
5445
5445
5449
5449
5449
5457
5457
5477
5477
5480
5480
5481
5481
5486
5486
5486
5490
5490
5497
5497
5498
5498
5499
5499
5499
5500
5500
5505
5505
5505
5506
5506
5506
5506
5506
5511
5511
5515
5515
5518
5518
5525
5525
5526
5526
5526
5527
5527
5527
5531
5531
5535
5535
5537
5537
5538
5538
5538
5549
5549
5549
5556
5556
5556
5558
5558
5560
5560
5567
5567
5567
5571
5571
5571
5585
5585
5588
5588
5593
5593
5596
5596
5598
5598
5604
5604
5608
5608
5609
5609
5610
5610
5610
5616
5616
5617
5617
5620
5620
5620
5626
5626
5636
5636
5638
5638
5639
5639
5642
5642
5650
5650
5650
5656
5656
5656
5656
5658
5658
5658
5668
5668
5672
5672
5672
5672
5687
5687
5689
5689
5692
5692
5695
5695
5695
5695
5700
5700
5707
5707
5712
5712
5713
5713
5719
5719
5728
5728
5729
5729
5729
5729
5731
5731
5735
5735
5735
5739
5739
5741
5741
5742
5742
5745
5745
5750
5750
5756
5756
5756
5759
5759
5759
5768
5768
5768
5769
5769
5769
5772
5772
5775
5775
5775
5776
5776
5779
5779
5798
5798
5810
5810
5810
5810
5821
5821
5825
5825
5829
5829
5837
5837
5842
5842
5842
5842
5856
5856
5856
5856
5858
5858
5864
5864
5865
5865
5874
5874
5874
5874
5874
5874
5875
5875
5877
5877
5882
5882
5882
5884
5884
5885
5885
5893
5893
5894
5894
5895
5895
5898
5898
5899
5899
5899
5909
5909
5910
5910
5914
5914
5916
5916
5916
5916
5917
5917
5924
5924
5927
5927
5928
5928
5932
5932
5937
5937
5940
5940
5946
5946
5947
5947
5952
5952
5960
5960
5962
5962
5964
5964
5970
5970
5970
5972
5972
5976
5976
5984
5984
5989
5989
6002
6002
6002
6014
6014
6024
6024
6024
6026
6026
6033
6033
6033
6033
6033
6050
6050
6054
6054
6056
6056
6058
6058
6060
6060
6064
6064
6066
6066
6066
6067
6067
6068
6068
6071
6071
6071
6080
6080
6080
6081
6081
6087
6087
6087
6088
6088
6089
6089
6092
6092
6092
6099
6099
6099
6102
6102
6108
6108
6114
6114
6115
6115
6115
6120
6120
6120
6123
6123
6123
6124
6124
6126
6126
6126
6127
6127
6130
6130
6131
6131
6141
6141
6141
6145
6145
6145
6149
6149
6151
6151
6153
6153
6153
6154
6154
6156
6156
6157
6157
6170
6170
6182
6182
6182
6182
6182
6184
6184
6185
6185
6185
6190
6190
6191
6191
6196
6196
6200
6200
6200
6201
6201
6202
6202
6205
6205
6205
6206
6206
6207
6207
6209
6209
6215
6215
6216
6216
6220
6220
6220
6221
6221
6223
6223
6223
6226
6226
6231
6231
6233
6233
6233
6246
6246
6246
6249
6249
6257
6257
6265
6265
6273
6273
6273
6274
6274
6276
6276
6281
6281
6290
6290
6292
6292
6292
6294
6294
6298
6298
6299
6299
6301
6301
6302
6302
6307
6307
6309
6309
6309
6310
6310
6315
6315
6318
6318
6318
6330
6330
6330
6333
6333
6334
6334
6335
6335
6336
6336
6343
6343
6344
6344
6346
6346
6346
6346
6351
6351
6352
6352
6353
6353
6357
6357
6359
6359
6362
6362
6365
6365
6369
6369
6369
6373
6373
6383
6383
6383
6388
6388
6388
6392
6392
6396
6396
6397
6397
6397
6397
6398
6398
6409
6409
6420
6420
6428
6428
6435
6435
6439
6439
6440
6440
6445
6445
6445
6447
6447
6467
6467
6467
6467
6468
6468
6471
6471
6475
6475
6491
6491
6491
6491
6494
6494
6496
6496
6496
6501
6501
6501
6504
6504
6504
6506
6506
6507
6507
6510
6510
6519
6519
6519
6525
6525
6530
6530
6549
6549
6549
6550
6550
6554
6554
6557
6557
6559
6559
6561
6561
6561
6566
6566
6578
6578
6578
6583
6583
6583
6583
6585
6585
6585
6586
6586
6586
6593
6593
6593
6594
6594
6594
6594
6594
6598
6598
6616
6616
6617
6617
6617
6624
6624
6625
6625
6627
6627
6628
6628
6628
6628
6629
6629
6634
6634
6635
6635
6638
6638
6650
6650
6655
6655
6661
6661
6661
6670
6670
6671
6671
6679
6679
6684
6684
6684
6686
6686
6686
6687
6687
6687
6688
6688
6693
6693
6704
6704
6706
6706
6712
6712
6719
6719
6721
6721
6727
6727
6727
6727
6727
6734
6734
6755
6755
6764
6764
6765
6765
6765
6770
6770
6774
6774
6774
6774
6775
6775
6778
6778
6780
6780
6780
6780
6780
6781
6781
6782
6782
6795
6795
6799
6799
6805
6805
6815
6815
6822
6822
6824
6824
6824
6826
6826
6839
6839
6843
6843
6849
6849
6849
6853
6853
6865
6865
6871
6871
6871
6872
6872
6873
6873
6874
6874
6874
6879
6879
6879
6888
6888
6891
6891
6892
6892
6895
6895
6897
6897
6903
6903
6905
6905
6910
6910
6910
6914
6914
6915
6915
6915
6934
6934
6941
6941
6941
6946
6946
6949
6949
6952
6952
6952
6965
6965
6965
6965
6967
6967
6967
6969
6969
6975
6975
6986
6986
6986
6993
6993
6993
6995
6995
7000
7000
7005
7005
7011
7011
7011
7014
7014
7019
7019
7029
7029
7029
7031
7031
7034
7034
7040
7040
7043
7043
7059
7059
7060
7060
7062
7062
7064
7064
7075
7075
7078
7078
7078
7078
7078
7080
7080
7099
7099
7107
7107
7107
7108
7108
7111
7111
7111
7113
7113
7117
7117
7119
7119
7130
7130
7145
7145
7150
7150
7150
7150
7159
7159
7159
7165
7165
7168
7168
7170
7170
7172
7172
7181
7181
7182
7182
7186
7186
7187
7187
7187
7189
7189
7192
7192
7196
7196
7197
7197
7197
7197
7197
7197
7198
7198
7201
7201
7203
7203
7209
7209
7217
7217
7219
7219
7220
7220
7220
7223
7223
7224
7224
7225
7225
7229
7229
7230
7230
7231
7231
7234
7234
7238
7238
7242
7242
7243
7243
7245
7245
7255
7255
7257
7257
7257
7262
7262
7264
7264
7265
7265
7265
7265
7267
7267
7268
7268
7271
7271
7275
7275
7277
7277
7279
7279
7279
7282
7282
7284
7284
7284
7285
7285
7288
7288
7290
7290
7294
7294
7294
7294
7294
7296
7296
7297
7297
7299
7299
7299
7301
7301
7302
7302
7315
7315
7323
7323
7328
7328
7330
7330
7330
7336
7336
7337
7337
7338
7338
7340
7340
7340
7349
7349
7358
7358
7358
7358
7369
7369
7377
7377
7377
7381
7381
7382
7382
7382
7386
7386
7391
7391
7397
7397
7398
7398
7398
7398
7421
7421
7424
7424
7424
7424
7436
7436
7439
7439
7439
7444
7444
7449
7449
7450
7450
7450
7450
7453
7453
7458
7458
7469
7469
7469
7474
7474
7477
7477
7492
7492
7497
7497
7497
7497
7498
7498
7499
7499
7499
7502
7502
7502
7503
7503
7504
7504
7510
7510
7510
7515
7515
7527
7527
7529
7529
7529
7529
7530
7530
7530
7537
7537
7537
7538
7538
7539
7539
7542
7542
7544
7544
7544
7549
7549
7549
7550
7550
7563
7563
7566
7566
7574
7574
7576
7576
7578
7578
7578
7585
7585
7587
7587
7587
7588
7588
7588
7591
7591
7594
7594
7597
7597
7597
7598
7598
7606
7606
7606
7612
7612
7613
7613
7614
7614
7615
7615
7618
7618
7618
7621
7621
7621
7621
7623
7623
7631
7631
7634
7634
7634
7639
7639
7639
7639
7648
7648
7648
7651
7651
7657
7657
7670
7670
7673
7673
7681
7681
7683
7683
7693
7693
7693
7695
7695
7696
7696
7696
7700
7700
7701
7701
7704
7704
7704
7707
7707
7710
7710
7711
7711
7714
7714
7718
7718
7723
7723
7729
7729
7730
7730
7737
7737
7746
7746
7746
7748
7748
7750
7750
7750
7756
7756
7756
7756
7757
7757
7765
7765
7768
7768
7772
7772
7774
7774
7775
7775
7776
7776
7790
7790
7791
7791
7800
7800
7800
7807
7807
7813
7813
7817
7817
7818
7818
7821
7821
7836
7836
7840
7840
7840
7840
7842
7842
7847
7847
7850
7850
7851
7851
7853
7853
7860
7860
7860
7860
7869
7869
7870
7870
7872
7872
7873
7873
7880
7880
7884
7884
7894
7894
7895
7895
7901
7901
7901
7901
7910
7910
7910
7920
7920
7920
7927
7927
7930
7930
7930
7933
7933
7935
7935
7936
7936
7937
7937
7938
7938
7941
7941
7942
7942
7946
7946
7947
7947
7950
7950
7950
7954
7954
7957
7957
7959
7959
7959
7959
7965
7965
7970
7970
7985
7985
7985
7994
7994
7994
8005
8005
8010
8010
8012
8012
8012
8018
8018
8019
8019
8021
8021
8024
8024
8027
8027
8031
8031
8037
8037
8039
8039
8046
8046
8046
8046
8047
8047
8047
8050
8050
8057
8057
8061
8061
8061
8061
8062
8062
8068
8068
8070
8070
8071
8071
8073
8073
8075
8075
8075
8076
8076
8079
8079
8082
8082
8082
8083
8083
8084
8084
8085
8085
8085
8091
8091
8091
8091
8093
8093
8098
8098
8098
8098
8104
8104
8105
8105
8105
8108
8108
8112
8112
8114
8114
8115
8115
8118
8118
8123
8123
8125
8125
8125
8131
8131
8131
8135
8135
8135
8138
8138
8140
8140
8143
8143
8143
8149
8149
8161
8161
8161
8161
8162
8162
8171
8171
8171
8173
8173
8175
8175
8176
8176
8179
8179
8184
8184
8194
8194
8198
8198
8198
8199
8199
8205
8205
8211
8211
8211
8217
8217
8217
8218
8218
8219
8219
8220
8220
8221
8221
8226
8226
8231
8231
8232
8232
8236
8236
8236
8240
8240
8247
8247
8249
8249
8252
8252
8253
8253
8258
8258
8258
8259
8259
8267
8267
8269
8269
8269
8275
8275
8279
8279
8279
8282
8282
8282
8291
8291
8294
8294
8294
8297
8297
8297
8300
8300
8300
8308
8308
8310
8310
8319
8319
8321
8321
8323
8323
8324
8324
8327
8327
8332
8332
8332
8334
8334
8339
8339
8342
8342
8343
8343
8344
8344
8344
8344
8345
8345
8349
8349
8353
8353
8353
8353
8354
8354
8357
8357
8357
8357
8368
8368
8375
8375
8376
8376
8384
8384
8389
8389
8390
8390
8391
8391
8394
8394
8397
8397
8402
8402
8404
8404
8405
8405
8406
8406
8410
8410
8413
8413
8413
8413
8419
8419
8420
8420
8420
8423
8423
8423
8424
8424
8426
8426
8431
8431
8437
8437
8437
8440
8440
8442
8442
8442
8447
8447
8447
8449
8449
8453
8453
8454
8454
8454
8455
8455
8461
8461
8464
8464
8468
8468
8472
8472
8476
8476
8483
8483
8483
8487
8487
8491
8491
8491
8494
8494
8494
8501
8501
8501
8512
8512
8514
8514
8514
8520
8520
8522
8522
8527
8527
8530
8530
8533
8533
8536
8536
8542
8542
8550
8550
8551
8551
8556
8556
8566
8566
8566
8567
8567
8570
8570
8572
8572
8577
8577
8579
8579
8582
8582
8586
8586
8586
8597
8597
8604
8604
8607
8607
8607
8613
8613
8614
8614
8615
8615
8615
8616
8616
8616
8619
8619
8621
8621
8623
8623
8630
8630
8630
8630
8631
8631
8631
8634
8634
8634
8634
8637
8637
8638
8638
8640
8640
8641
8641
8650
8650
8652
8652
8658
8658
8658
8660
8660
8660
8661
8661
8676
8676
8696
8696
8698
8698
8701
8701
8701
8703
8703
8713
8713
8713
8720
8720
8720
8721
8721
8721
8722
8722
8722
8722
8722
8722
8733
8733
8736
8736
8736
8736
8739
8739
8739
8746
8746
8748
8748
8748
8750
8750
8758
8758
8760
8760
8771
8771
8772
8772
8775
8775
8776
8776
8781
8781
8782
8782
8783
8783
8783
8796
8796
8796
8799
8799
8802
8802
8802
8808
8808
8809
8809
8812
8812
8812
8813
8813
8813
8820
8820
8831
8831
8831
8831
8836
8836
8838
8838
8840
8840
8840
8849
8849
8851
8851
8855
8855
8862
8862
8868
8868
8868
8872
8872
8873
8873
8873
8873
8878
8878
8880
8880
8880
8881
8881
8882
8882
8882
8887
8887
8887
8896
8896
8896
8899
8899
8899
8899
8904
8904
8904
8907
8907
8919
8919
8920
8920
8936
8936
8938
8938
8938
8941
8941
8948
8948
8948
8956
8956
8956
8963
8963
8967
8967
8970
8970
8972
8972
8972
8972
8972
8973
8973
8974
8974
8977
8977
8977
8977
8977
8979
8979
8981
8981
8981
8990
8990
8990
8990
8996
8996
9002
9002
9004
9004
9008
9008
9009
9009
9013
9013
9018
9018
9021
9021
9021
9028
9028
9033
9033
9033
9037
9037
9038
9038
9038
9038
9040
9040
9048
9048
9049
9049
9055
9055
9061
9061
9064
9064
9068
9068
9069
9069
9069
9077
9077
9077
9077
9085
9085
9087
9087
9089
9089
9092
9092
9097
9097
9098
9098
9098
9100
9100
9118
9118
9122
9122
9124
9124
9126
9126
9126
9131
9131
9131
9135
9135
9136
9136
9136
9158
9158
9160
9160
9161
9161
9161
9164
9164
9164
9168
9168
9168
9172
9172
9172
9175
9175
9180
9180
9192
9192
9192
9196
9196
9197
9197
9197
9198
9198
9198
9202
9202
9202
9207
9207
9207
9210
9210
9211
9211
9211
9217
9217
9217
9219
9219
9219
9219
9223
9223
9223
9223
9228
9228
9233
9233
9244
9244
9245
9245
9255
9255
9260
9260
9276
9276
9281
9281
9281
9282
9282
9284
9284
9284
9295
9295
9304
9304
9306
9306
9315
9315
9317
9317
9317
9319
9319
9320
9320
9322
9322
9324
9324
9324
9325
9325
9325
9325
9330
9330
9331
9331
9332
9332
9340
9340
9342
9342
9343
9343
9344
9344
9347
9347
9347
9354
9354
9354
9358
9358
9361
9361
9363
9363
9370
9370
9373
9373
9376
9376
9378
9378
9380
9380
9389
9389
9389
9389
9391
9391
9391
9391
9393
9393
9393
9401
9401
9403
9403
9404
9404
9408
9408
9410
9410
9413
9413
9413
9414
9414
9414
9415
9415
9417
9417
9421
9421
9428
9428
9428
9431
9431
9442
9442
9443
9443
9447
9447
9448
9448
9455
9455
9464
9464
9469
9469
9481
9481
9483
9483
9483
9483
9487
9487
9491
9491
9495
9495
9495
9495
9502
9502
9506
9506
9508
9508
9515
9515
9515
9518
9518
9519
9519
9520
9520
9521
9521
9522
9522
9525
9525
9525
9528
9528
9538
9538
9538
9541
9541
9546
9546
9553
9553
9556
9556
9557
9557
9557
9563
9563
9564
9564
9565
9565
9577
9577
9581
9581
9586
9586
9593
9593
9593
9597
9597
9605
9605
9605
9608
9608
9617
9617
9619
9619
9623
9623
9626
9626
9631
9631
9631
9638
9638
9658
9658
9658
9662
9662
9665
9665
9665
9673
9673
9681
9681
9699
9699
9705
9705
9706
9706
9707
9707
9712
9712
9712
9712
9713
9713
9714
9714
9715
9715
9715
9717
9717
9723
9723
9723
9723
9732
9732
9735
9735
9735
9735
9738
9738
9738
9742
9742
9743
9743
9744
9744
9748
9748
9748
9748
9753
9753
9757
9757
9757
9763
9763
9763
9765
9765
9773
9773
9773
9778
9778
9781
9781
9785
9785
9787
9787
9791
9791
9791
9793
9793
9794
9794
9797
9797
9798
9798
9798
9798
9798
9810
9810
9815
9815
9815
9815
9816
9816
9816
9818
9818
9822
9822
9825
9825
9825
9830
9830
9830
9838
9838
9848
9848
9852
9852
9856
9856
9861
9861
9871
9871
9872
9872
9872
9873
9873
9876
9876
9876
9876
9879
9879
9885
9885
9888
9888
9888
9893
9893
9893
9896
9896
9896
9896
9897
9897
9898
9898
9902
9902
9910
9910
9910
9912
9912
9912
9912
9921
9921
9933
9933
9933
9936
9936
9936
9939
9939
9943
9943
9946
9946
9950
9950
9951
9951
9951
9951
9954
9954
9960
9960
9960
9963
9963
9963
9966
9966
9968
9968
9976
9976
9977
9977
9988
9988
9990
9990
9990
9990
9995
9995
9995
9996
9996
9996
211315
754335
1343110
1705408
2245653
3642439
4056248
4277730
5226134
9462507
9860106
13023262
13079206
13527171
13983654
14611463
14787580
15928931
17653219
17961114
18690878
18707749
18880345
19934149
20377051
21013127
22350194
22817720
24086614
24222787
25283727
25716788
27469273
28412878
29816626
31415577
32276791
33003829
33266392
34710189
36689681
37488182
39436822
42058928
42208052
42224974
42398430
43125655
43401325
43655052
44306352
44559721
45280395
45354839
47042190
47301508
47915896
49176245
49635539
49953233
50674325
50946406
51757939
52536423
55288786
55912546
57284272
57827742
58732641
58811611
59173560
60187831
62368231
64122969
64788990
65659407
65760660
67009842
67236441
67470234
70919665
71438241
72257727
72774774
74105114
77331632
78206555
78630971
79992412
80102517
82208705
82560106
82880102
82952568
83025969
83670198
84241101
84322928
84323467
84693209
85394391
86028133
87230801
89017523
89938066
91325981
92068465
93087844
93904908
95847612
96223343
97168767
97624897
100892784
100894268
101284608
101750938
102124202
103577904
104820129
107345737
111293701
111589459
112106378
115626310
115766202
116014697
116059885
117218079
117818294
119307070
119916476
119960800
120463787
121964920
122568528
123128191
124500833
125075162
125672678
126298812
128293469
128969939
130262625
131060879
131540570
134619529
136077103
138290331
140014656
140231350
142354003
143174164
143268854
143293186
146499883
151215905
153031019
153043260
153370612
153849897
154217029
155674165
157599577
158633585
158967021
161486775
162042865
162283120
162596887
166425342
166581982
167515649
168344004
169218812
170303598
171027841
171577289
173412522
174343867
174832365
176730484
178471994
179469461
180029513
180978670
182853656
183246121
184552486
187281895
188645530
188950384
189866277
190813695
190839769
194894483
195193008
195352867
195802103
197111045
201366602
201455388
201797419
203093787
207059702
207168259
207286726
208194289
209436692
210267274
210503652
211115048
211410139
211470485
212030067
212225442
219139523
222104775
223404281
223420539
224118186
224410483
224456641
226347109
226600382
226659226
226949270
227480930
228388882
228495038
229727675
230325087
233332639
234783041
235092813
235108691
235241281
237070190
238185075
238661373
238708112
238740612
240757837
241085298
241521797
242016064
242018271
243458489
245709984
246516439
248619161
250479124
251092049
252287875
252973963
257498245
260465093
260836480
260866413
262734612
265496482
272638077
273188237
278066975
281500407
283857304
285298877
285612590
285862572
285939652
286750076
287022219
287965279
288382878
289208530
289493265
290541602
290608850
291199449
291536877
292675046
293552145
294232782
296378920
299939028
300455745
301403497
301696969
302622479
302684796
302700840
303574823
303999495
304164702
304212943
308360475
308488591
309961459
310322358
311279218
312084442
315536934
316790916
316962966
317198545
318147104
319730232
320751227
322767091
322947098
324228051
325173986
325385558
325696807
329424129
330938379
331344361
332859542
333524396
333626890
333901768
334787105
335343429
336438600
338463099
338544181
338725593
338734971
338858571
339415974
341300367
341610919
341919002
343954427
344554676
346586518
346817895
347905368
347975108
350521727
351932992
352685428
354655510
357016711
357167310
358780743
360884516
361309518
361358232
361925241
362303911
363772563
364614023
367120708
367124202
368024825
368257778
369085894
370974894
371483374
372927463
374640943
375344229
375964900
376956808
377622366
378595021
379908343
380100243
380138325
381353411
384422319
386583011
387191946
387517253
387985448
389402446
389666471
391827246
392335633
392858341
392900114
395183637
395326173
395373265
396900352
398118357
398244062
399118369
399551175
400594288
400674802
400696514
401041917
401121740
402291574
402553655
403518996
403624469
404473485
406590352
408050966
408245333
412800722
412854461
413609763
414700106
415731538
417403459
418890712
419274874
420790486
421442754
421837325
422968629
423100353
423117588
425023427
427472413
427591803
427923518
433915062
435402685
436590459
437390570
438068846
439720808
444833564
447058031
447165839
449649814
449773654
450518069
450551380
453124194
453426281
454055482
454144705
455033064
455120084
457559357
458313694
458337263
459326537
459481855
460507935
462043225
462585583
462923881
464427982
464541776
464834565
464990954
465386765
465576041
465590485
466177962
469083499
471364478
471392796
476081224
476752414
477235246
479063748
479393867
479566051
479578313
479892683
479898178
481468787
484812580
485885388
486188662
486341281
486542176
487518166
488060776
488923254
489013129
490477299
491014459
493751355
494463146
495407570
496030029
496454063
498683417
500109567
500283472
501372704
504494324
504997098
505674386
506920086
507416434
507710724
508214515
509456121
510829108
512889326
514267186
514452422
515377208
516072091
518061755
518737529
518943531
520750789
522158529
523113339
523341021
524314293
526280998
526307829
526328899
527218938
529485875
530053207
530524221
532426774
535034119
535296357
536832655
537111161
538534337
538547145
538966224
540087431
540549462
543310841
544782898
545545286
546495165
548525902
548933207
549001457
553251194
553402438
553453418
555677796
556021386
556085982
556230598
556518840
556654936
557762355
557831218
558460056
561974306
564036437
564428607
564966497
565066737
566048908
566135572
566915647
567117227
568547964
568682055
573541483
574210786
574796008
575207244
576022944
577380321
581596638
581990936
583784759
585028420
586024267
586798126
591636418
592016288
593256634
593808275
594432146
594949721
596064702
596075687
596760276
600536164
602971985
602990871
604258307
607048327
607962656
610340822
610735496
611251091
613824973
615785288
616423045
618138878
619972740
620414553
620967719
622623337
623971213
624396647
625641178
626145553
626922670
626983491
628496045
629927309
630152644
630749050
630837516
631448847
637979694
638253767
638574707
640322772
640661689
640851716
643311386
643383430
643922600
644226985
645466905
645613738
647160625
648606209
648880095
650176952
651451528
651454273
652005097
652607587
654922794
657189418
658425090
659319562
660379668
660592974
661150562
661595946
661743516
663830016
665920293
668475437
669453315
669571925
669631911
670918788
671044585
672402511
673209204
673357691
673486534
673696735
674535323
675180733
676527490
679026491
680077759
680412502
680902988
681195769
682932015
684871498
686959492
687467591
687846987
687976126
688742478
689311465
696898706
698464529
698653258
700149734
701686219
701687832
702852647
703295594
703347547
703939079
704608963
704881071
705341705
706505969
706641845
708735847
709699899
711362495
711489262
712142521
712255437
713675852
718713219
719845373
722067785
722227018
723529595
724641257
726226588
726422898
726539263
728941295
732227593
732431731
737896928
738546444
738619048
738795235
740808171
741899940
741945380
742990171
743676476
743769017
743817788
744521073
744974330
746020213
747297830
747552525
747805164
752263592
754531571
755196794
755464667
755733955
756696460
757797398
759678111
761467651
763588397
765230392
765387289
765532790
766018761
766786040
767189412
767850108
768818254
770052742
770993562
772504108
772620839
772873371
775193361
778402392
779562677
780938706
784086982
784229224
784355985
784460428
785271778
786524011
786820715
786936186
787298026
788185201
788366985
789283218
789415776
790276101
791820636
792596928
794467879
795705751
796062219
796096443
796363993
797419883
798167117
799755552
800337711
800673000
801038192
801767730
801901379
803459050
804432729
808419290
809555272
810014275
810040679
811585581
811766328
812843008
812969667
813817073
815187506
815248025
815657378
815838175
815863602
816704695
816995180
817147491
817693969
819836777
819902935
819958139
820917310
821778325
821920618
823537972
824002256
825328434
826576848
826778834
830850993
830940931
831337262
831608145
832141522
833887031
834290011
835400645
835713221
836625570
836756864
837390048
838124822
840162637
840868086
841474321
841550580
842264208
844204778
844726150
847488799
848348674
849136787
856259162
856933690
857357983
857582274
858078962
860894824
862385483
866052914
867767462
868792729
868925775
869514103
869640886
870046367
871334696
873025285
873197626
873640002
873778295
874626428
875278975
877751785
883169166
885208386
885977485
886670133
887679827
888242918
888523426
888763736
890557634
892875904
897366836
897834598
898789748
899910030
900134676
906156318
907163894
907887509
909569779
910038031
910954127
912001475
912749858
915112619
915248739
916439276
917448540
919322112
921237014
926407940
926764358
927496735
927786803
929254204
931859443
932856145
933079336
934333251
934412843
935291338
935491698
935614702
935756132
935774280
936123283
937386462
937559470
938738340
939137164
939227970
940089737
940092201
940167232
941577378
942289937
944234986
946036718
946162801
949066981
951575360
951919145
952485800
953635655
954037004
954218430
958950816
959360074
962710123
962905624
963244844
964561843
965137618
965842658
966325960
966706718
966921552
967257342
971118131
971753081
972159403
977617841
977638521
979412630
979797713
980913543
981366717
981546822
982568302
982862326
984527649
984739077
986268655
987842809
988850002
990116934
990531183
990812901
991324704
992818175
993239090
993810749
993891120
993934811
994514253
995593749
996156389
996792680
996978492
997654890
997793279
998313141
999585141
1000122303
1001234635
1001946015
1002953468
1002996516
1004028088
1004391848
1006835736
1007764298
1009532323
1010100186
1012037747
1013198210
1014078213
1014150485
1015541670
1015662578
1019499050
1019836407
1022180355
1022267704
1025321239
1026510906
1027109149
1027372089
1027654739
1028605416
1029432501
1031480130
1032412280
1032601665
1032699817
1034171562
1034615716
1036493597
1038745598
1041327133
1041570346
1042764043
1044995771
1045368003
1045541323
1046934721
1048884820
1048944597
1049023590
1049549178
1052320701
1053556618
1054697258
1054797240
1055030978
1055198825
1055710192
1056330219
1056605211
1056941649
1059143228
1060991206
1061301568
1063160871
1063581355
1066418068
1075342056
1075757403
1078710678
1081680089
1083834035
1084345021
1086479366
1088130397
1089153495
1090193204
1090288617
1091231906
1092271872
1094248057
1094764485
1094957471
1095502511
1095605721
1095849756
1097591473
1098606215
1098924856
1099517169
1101178039
1103199911
1104203738
1105254006
1105795693
1109401801
1111626107
1113393689
1113679732
1114346520
1117348878
1118578469
1119763350
1120989369
1121020789
1121796034
1123736120
1124343507
1125595146
1125791003
1126409828
1128325204
1129343716
1130749085
1131229063
1131362408
1131482938
1132471460
1132523894
1132616850
1133749436
1133820926
1133884279
1134064906
1135323638
1135854932
1137222617
1142298387
1144462903
1144673765
1147268373
1150270078
1150412331
1151572844
1152386788
1152818290
1152863838
1153599174
1155996323
1156443025
1157320639
1158960089
1159632115
1160823620
1162471939
1169113856
1170052871
1172410432
1173235115
1175677803
1175957631
1178192178
1178598222
1179013184
1180390269
1182268369
1184705335
1186222352
1186574759
1187288846
1189060679
1189246754
1191833309
1194822019
1196080018
1196652763
1196652943
1198822737
1199008473
1201048972
1203759570
1203972357
1204073728
1206423949
1208203921
1210752859
1211492366
1213293576
1214258187
1215645288
1215803164
1216672963
1216954675
1218647928
1218672188
1218835135
1218999457
1221106191
1221264903
1221571518
1222870663
1223942897
1225232550
1226075270
1227188315
1228284215
1229403069
1229896307
1230414482
1230703829
1232226936
1233064496
1233087925
1234990098
1235319119
1238441312
1238905519
1240367837
1241452358
1243444800
1244358707
1245815484
1245846530
1246613682
1247229632
1248883599
1249790046
1251262621
1251390094
1252546309
1252641810
1255240570
1257132816
1258392164
1258444918
1259496800
1260855627
1261441732
1261970705
1262066523
1263878319
1264375546
1267907923
1270756253
1277207309
1277763261
1278973051
1278993372
1279510076
1279601439
1280304471
1281812489
1283328902
1283979807
1285050264
1289947564
1290916784
1291066523
1294555724
1295257803
1295563577
1295852841
1298555982
1299062247
1301047921
1302743743
1303892948
1304101426
1304936040
1305477174
1305773448
1310214991
1311537570
1313865903
1315101016
1317245717
1319989896
1321368800
1321984032
1322166644
1322302399
1325948160
1328746383
1330118202
1331302452
1332233206
1333302328
1334215905
1337739207
1338530507
1338804397
1338920972
1339286862
1339361322
1341362583
1342387409
1346073708
1347456944
1349198018
1349759254
1350878849
1350891361
1351337543
1352338138
1352364679
1352803242
1352861778
1353259433
1353295689
1355076564
1355717619
1356678448
1357644718
1357667462
1359218560
1361149001
1364083088
1364372869
1366530387
1366629254
1366934860
1368456127
1371681179
1371704219
1371853478
1372393971
1372416837
1373904698
1375032244
1375062819
1375234771
1375915075
1378384681
1379188520
1379771409
1379775946
1379830830
1379831353
1381221089
1381889988
1382718047
1382881416
1383168710
1383649193
1385014884
1385037329
1385334217
1386873788
1386996140
1389704558
1390749994
1390930026
1391108474
1391510231
1392233391
1396539156
1397119904
1398075127
1398808748
1401285875
1401375639
1401923051
1403340530
1403572217
1404124741
1406503963
1406526377
1406615146
1407872935
1408426000
1409098069
1410235033
1410765851
1411013523
1411089294
1411247074
1411919517
1412490319
1413688438
1415036467
1416296378
1417049945
1417135404
1417864962
1419170781
1419748058
1421127983
1422394818
1424758287
1426695516
1427202040
1427389019
1428612143
1433389144
1433785402
1436280287
1436938047
1439874854
1439892151
1442289719
1444844136
1446259789
1446970061
1448008440
1449029063
1451378335
1452394647
1453471980
1453915430
1453941373
1456156598
1459320598
1460399656
1461285275
1462424327
1462579937
1463286200
1463767660
1464819710
1465102784
1465333323
1467973077
1469054015
1469576480
1470025470
1470044227
1471595074
1471946851
1473196376
1477469403
1482190953
1484705978
1484865916
1485280441
1486092393
1486637619
1486891770
1487210364
1487305029
1488033061
1488387749
1489033387
1490047701
1490388325
1490520592
1492786277
1493820922
1493906545
1495778208
1496223668
1498211089
1498292225
1500067503
1501329878
1503596933
1504071595
1506099020
1506511505
1508168952
1512079981
1512527902
1512949626
1514357926
1514971050
1517131279
1517439977
1518523688
1518737063
1519167763
1519413782
1528600398
1528729380
1529462779
1529767361
1531439688
1531647487
1532594967
1532809798
1532884468
1533050307
1534047458
1534476455
1534518656
1535204486
1535244220
1537652882
1539286054
1543232763
1543383942
1543911963
1544030371
1544044416
1545555419
1546286744
1547746401
1548487301
1549085085
1549245133
1549792714
1550215903
1551071265
1551562216
1551783904
1552765329
1553836080
1554976377
1557756239
1559076322
1560148220
1561394322
1562433301
1563935167
1566354714
1566423382
1567652387
1569212714
1569681937
1570496425
1572243576
1572789105
1572861584
1572931372
1574292977
1575037954
1576318604
1576899538
1577649773
1578737963
1579278951
1579923061
1580121739
1581398180
1581497905
1581772422
1582938580
1583457703
1584792694
1585846652
1587065000
1587632310
1587771287
1588635802
1589601824
1589860985
1590427544
1590557017
1591741659
1591830533
1592110490
1593265395
1593703767
1594770369
1595416373
1595877729
1595979414
1597336993
1597947514
1598142607
1598226048
1599360614
1600810514
1601598734
1602102898
1602846135
1605877819
1605879042
1607684040
1611639613
1613194943
1613923354
1614757872
1615163727
1616770448
1617566735
1619159648
1622015074
1622709734
1624394916
1625147679
1626427186
1627008957
1627221094
1627266490
1627754052
1628035962
1630081063
1631348753
1633481052
1634764395
1635941364
1636490412
1636933263
1637991965
1638191212
1638666555
1640248632
1640566782
1644489320
1644844493
1646303450
1650851305
1651011276
1651616763
1653502146
1654792317
1655038559
1655372859
1655835000
1656463292
1656906503
1657719487
1657958404
1658612240
1660616779
1663807982
1665401768
1669016281
1669368408
1671980125
1673304370
1676251644
1676871409
1677553348
1677726815
1678154833
1679348196
1680119556
1680336091
1685168149
1685364038
1686712772
1686860298
1687787990
1687862747
1688861418
1689608980
1692199411
1696093630
1696702691
1698257695
1698477745
1698915881
1699770775
1699853444
1700772941
1702905674
1702950146
1702951837
1703803624
1705240894
1705665477
1706256010
1706789660
1707265979
1707405635
1711829656
1712259565
1715329821
1716504319
1720796998
1723201086
1727031749
1727429885
1728410559
1729268679
1729442571
1732286358
1733792070
1734272138
1735460449
1737221205
1741420785
1743720353
1745300303
1745628019
1747020038
1748212979
1749336687
1749598303
1750376168
1751497606
1755991720
1756025218
1756081601
1756194862
1756358332
1759644279
1759962535
1763156731
1763844588
1765072250
1765405344
1765843343
1767110617
1767574719
1768426099
1768683641
1768738394
1769633331
1770873140
1771661005
1772194393
1773159704
1773385956
1774072253
1776008750
1778711180
1782473143
1783536399
1784034276
1785230455
1785668418
1785873187
1786946129
1789884664
1791268079
1791404772
1793856350
1793912405
1795058445
1795162867
1796676807
1801762717
1803354028
1803773243
1804322488
1804549082
1804606344
1805075094
1805820086
1807263280
1807796409
1808160427
1810034453
1811274741
1811558668
1812033379
1812489419
1812835861
1813778316
1814825721
1815840325
1817963266
1820349387
1820877711
1820962103
1821225957
1821511665
1821701710
1822692604
1824875969
1824938601
1825086911
1825282772
1830096238
1831678340
1832075182
1834479447
1834690302
1835277009
1837561514
1838898949
1839051989
1839392961
1839793713
1841629684
1844480386
1845785273
1847077223
1847129500
1847418735
1847838034
1849399175
1849515817
1849741916
1849793322
1855139072
1855319626
1856151230
1859313134
1862513687
1862702398
1862924436
1863664870
1867830088
1868775207
1869529197
1870410119
1871307586
1871893456
1874021470
1875621626
1875994851
1876263680
1876576537
1876603220
1877493152
1879736114
1881250937
1882170322
1883179635
1883436374
1886032396
1891399505
1893401530
1895443347
1896786502
1897553917
1898141890
1899233620
1900178359
1900238101
1901374949
1901500716
1902306111
1902389440
1904504535
1905428680
1909000803
1909445192
1910393231
1910408346
1911564096
1912566740
1913990913
1915345002
1916654118
1917424459
1917774012
1917815361
1918494514
1918570950
1920613760
1921473531
1922607403
1923027597
1924697891
1925042630
1925777574
1925962131
1927131119
1927531673
1928036521
1928236803
1931126955
1937071088
1937221668
1940566092
1941398999
1941641487
1942124784
1943109704
1943224606
1943685386
1944114497
1944903802
1945394613
1946485784
1946623761
1947414547
1949706340
1950407199
1952415028
1955678699
1955985649
1956461446
1956970331
1958889698
1959337402
1959917982
1961318552
1962181885
1963347626
1963681852
1964115959
1968629519
1969255398
1969509008
1969899315
1972744766
1973714273
1974565035
1975960069
1976144286
1976859709
1976907331
1977266412
1977348379
1978846946
1979179431
1979397981
1980820736
1983183390
1983467256
1984029137
1986711193
1988061762
1989111716
1990056845
1990882776
1990912630
1991091387
1994198552
1995807124
1996358358
1999797425
2000742991
2002189441
2003033551
2004090794
2004393668
2006373888
2007757186
2008770686
2009387305
2010524902
2010557713
2010804421
2011074395
2011772857
2012834017
2014179273
2014538865
2015446948
2016258163
2017921784
2018423908
2019776766
2020447879
2020773505
2020973530
2022798789
2025947892
2027467584
2029235947
2029974798
2031285448
2032792631
2034820408
2034843364
2036077588
2038237061
2038623261
2039292274
2040092256
2040502026
2040733940
2041029199
2041324515
2041816536
2042009819
2042261356
2042824179
2043039222
2043293326
2043730953
2045444107
2046244491
2047342443
2047784349
2049573809
2050706182
2051499630
2052333736
2052809068
2052886970
2053149467
2053495393
2054588959
2056988347
2057208628
2059659141
2061444016
2064268776
2065760268
2069783670
2071785526
2072095577
2072517537
2073003533
2073032409
2073550959
2074721240
2075056823
2076180349
2080517460
2080647411
2082724793
2082763744
2085901278
2086055112
2086193867
2087479663
2088732023
2090364841
2090516517
2091488396
2091628974
2092586968
2093000350
2093480708
2093836132
2096704871
2098033429
2098905127
2100055221
2100136964
2100900178
2107451188
2109365748
2109800629
2111347857
2112153495
2112607243
2112876051
2116967486
2117151386
2119222722
2121465085
2121473240
2121610322
2124700868
2124965475
2125280819
2125381654
2126739613
2126880568
2127417119
2127612041
2128256641
2129262721
2129572753
2129730367
2130535856
2130885138
2131405480
2131508948
2131820623
2133572676
2135343951
2137277609
2137639351
2138005016
2138739541
2138923090
2140757904
2141030617
2141333505
2141557957
2142432056
2142672803
2144235790
