2004054487
245606166
1872090703
431829353
666434856
615418933
1228769484
2124953901
1932043505
1148501801
380973782
988556178
1886037813
790481578
1830450045
1217447061
999342640
1884568311
434858178
721806203
1808002183
36865628
226879
1976623982
1103272644
1826785212
1103468506
1013481042
1528796185
1671604737
492046493
511997499
158792133
1136067303
2050140222
621083918
1471208134
551743912
396476683
279705510
1689983237
890966164
1366099275
601594733
1828516669
287597243
1911284320
1668576781
561797415
10382700
1452674081
1623879979
1115663186
521200366
1531537861
2095626245
1677455328
540017010
1953706624
221242217
1345583005
742398877
533274730
1072986648
421809843
305678145
575469096
1335421758
1925147356
742748726
176646323
1253190835
1484895260
1018747726
1014267358
126937216
649143255
396668185
1067775429
347668156
136126140
535092474
129003267
1666701776
447139118
554763294
1086427647
1855414319
216272794
164691959
948233525
449245708
1051038183
1925428887
1523588868
1439419198
860509483
1791656953
1721628817
1064165177
182227869
1717062990
156634117
1159014325
1024864816
1437122797
84852491
80282892
168489215
989939711
899373410
1905206677
780428870
204463484
1207149739
332846064
1219582707
1348683238
1573296755
208241587
1282993968
1722904054
378390764
384560753
933542766
1702157231
297252286
1858175663
67221247
179718504
361406394
437597201
1777112744
122118262
1170669671
1070435440
2103511829
462454311
1865719490
2136512710
433322559
824736735
1490851403
23226852
1788921748
618184198
473914114
1239654868
1218204621
820192057
1865579154
38379302
1015149084
2123592349
1671175808
421165797
1901961741
80589020
985049948
828836812
866089058
791759790
847777040
1899546698
1959983521
866637943
1672687662
2062775856
362954795
1887939627
1539544440
451308784
292325123
16540034
1001712912
540766673
2057162279
1943774018
651277800
1196214481
1343080988
681720715
1051962763
1315205142
969927872
250266656
1058665962
529067998
23257892
1280417009
350049876
1336332071
1218169253
1202470383
791273318
825574912
1042607119
1774949004
339931333
686406797
963383156
374075740
1674074052
623724158
1988893942
1782226368
1294300366
1274347709
793560893
129740467
1806271440
5363721
368708035
1163199735
689508447
583706232
798877050
487381008
1236268889
1169668744
447191061
1237754490
1181257651
946638342
1632510324
1141468246
471143329
1249980982
739153619
2097750833
2066513787
1227879754
179378270
1734103443
1355673212
1637792485
1584691499
1839630335
1288813887
1159062864
247956445
1824605844
1046333898
247673392
971261293
1605392940
1183404834
574848888
1849099561
703394598
1340508282
1321958028
399746680
249364206
80057568
926604776
916234217
1140488238
813461719
829458487
2104131894
5079937
1186768571
1069331574
1626668187
441177087
1254226172
728339775
1656564260
802105853
1400670086
1464826975
620239737
1072423869
2024253725
2061217024
1253901401
1911923211
695463041
1024702995
1401593026
255393328
587272494
742425253
1796131240
536864271
1663132027
1902806582
365681315
566221426
1194219632
1906242357
22988577
2074104412
294379435
2095221618
2099026671
1575164272
1937033662
486339147
1170617509
1728930940
332713852
186735263
770764432
1288619710
1487136373
1332265429
1705999869
1579734066
1267126633
990330837
1621758818
215624883
389976308
609867233
132862396
1450476418
1193887875
2035595106
1229140807
2023576223
1129649218
578607946
1400698506
818711627
2011104347
1890782154
903048228
536349584
68089732
1927016660
299492700
706125880
1760643338
1547507048
199519941
1956542649
402654717
1703770537
668967048
1129455232
229501133
1867196548
504360552
1613362451
1254281064
932221560
1585939948
560805779
670578796
1929537944
1499085290
355711128
1393012555
357353054
451678697
917879110
344547158
1558751565
1515111541
982490713
1706603060
1516502947
1059521266
1293340294
1053391080
884711886
1783885505
1271935884
1012136242
1480754910
777658583
1920245777
1757485220
468651319
1866500096
1194489683
773487046
2020715286
635348858
1355965377
187423399
2095554319
1721367702
319856894
43752364
1769683805
1429010491
1552908542
528258439
1044683390
1098537962
1416612910
2026578415
35182347
607502863
1738421164
274078447
1416749320
1350020444
853690953
523171248
905729833
1999767758
594067971
1030769575
1846039032
1045975151
2097537199
1394577340
1332681466
821912308
402171491
675830700
1756907340
1119630138
1764571067
1136286112
2024324265
1263059622
423376950
2102937875
1290116739
336876305
408317223
601611220
407347015
1245174423
2102412771
1896611584
1305537649
1818671746
613164728
400363441
1857750509
131507795
820060510
1289463126
1014053305
967395576
2086074350
1731960824
1563591953
894340455
935555834
107726754
1059719223
1238793962
1422062136
1849262063
537537398
87565747
1076452315
190124007
1607533308
563338471
1040885105
1590345075
1902679277
2101423269
2033278777
1830828867
1928435201
94741454
1145128741
1831009246
2098397086
1560829958
2129446446
1570413188
1593879100
1735608044
1092147145
2036151453
1286582093
280976322
905076251
306982501
1664522555
336336538
1187578619
1727093499
567322196
235643010
1327004802
1204530417
1090339468
1803363728
1995429902
850163501
827127572
1014479348
1283169409
1269829382
1887272525
675517138
1332471121
277225503
1533016866
1465420495
829120507
1320869741
1592662125
800835896
869248386
1827502375
1044100560
880320607
1974591181
248199597
480336593
944632853
1846465367
124533579
1877345860
1648479142
1878333315
252572057
1582460680
81132889
1123673948
655357269
2069040895
1144459661
1744469756
332690611
1647577739
1168108753
631584809
692331379
795032488
1885845271
1567997599
1425969616
457188551
1355493643
1706977304
1350583174
1982674418
325544383
677292359
291737440
898634985
1064297340
637066328
299489733
268063344
1764539742
1236709823
759211091
1719034934
422848276
1267571315
216422519
712240385
224906221
1439993738
1053328133
2128692872
1071478781
2036212662
686439558
1428899439
920848442
1224306918
1390164466
1439763094
2107141509
963584423
1268908540
1629061163
475610908
864983819
1304292126
859752392
1471637123
1580329865
1215695122
2047635443
340629950
996014425
1976399885
462678314
1363969070
1633447843
1994700227
1260922903
2118653785
105555326
2088131954
169272198
1625792824
1978247594
778318076
4495508
1998071494
426397957
1672138559
656144610
2063805474
692221655
220224363
370743689
1406675326
1717031076
337102387
2116526275
1713494227
369464249
884405806
389231588
1888836443
149004261
137398695
820858205
630856031
805160046
102239673
242853407
235162753
1525690971
577528300
391534676
1900214531
844716338
191494604
1253822925
2128063300
1738749903
642688079
1885314243
1677352246
1546028112
2041178948
1954957007
519197029
165373151
1404342239
401668317
1579514606
1984161717
721107600
1262428844
1056007399
275172344
2096178108
577741174
612854235
1067635321
932300859
1767287024
1182854831
1281075096
2003945607
923982932
616828684
1386119427
1298892665
1906094636
203560340
551173578
1262466187
1883968289
593247058
1601265016
104893050
1059252446
1907948336
1794809757
985579484
234674103
847827269
622614456
802770055
2074418012
1526013480
1623897690
395107779
509972662
2016283686
1948326404
1915819036
362381670
588495729
1323141940
1592974720
1110634125
1641282607
513712319
570175272
1701252552
1987087931
1924099576
1846744220
111902330
4677184
1417712038
1208044224
184156542
609965034
933520245
326849915
1300692946
1346001641
1543439104
1257685519
2044471600
1415545908
1741216724
1140242071
886330672
103134663
1839629986
525480894
995422051
1416440895
1051409719
1641937050
1810045348
234651845
2030332859
1309430825
392006980
1571564038
2015685656
653349747
311306440
1164557553
1167041222
261522031
2130942248
1687135240
478034825
210013459
18465525
495440561
793271215
120174199
1517440373
186505958
1743450212
617278685
1002719958
1060530328
166110160
1366428900
1921081287
327187446
618105860
2019329843
1207259723
1262690481
2034819826
2048098442
115964459
1504698105
2054347509
1552978838
658627761
1474269398
122529446
412619642
1389940524
563659422
1725109104
40526078
1482254637
1179559324
2084110024
238964320
1935247428
1074467500
727336900
664398445
17433866
2029421116
975528847
555311936
75173605
737878684
520062659
1563690905
1742651337
1859902580
1588445836
680258968
322509712
1683016570
839273304
2007301701
149054873
14503777
1768125013
1383406552
1293571145
259277184
61333443
1609258746
1678764303
732700442
1966406304
242028956
370690221
201808414
1573844205
1763126259
371411265
2116429790
942321571
1311810975
2082058758
1391995121
755795652
1438627166
869251449
596093773
1823709912
1055012578
514104997
1133136910
348656059
1348823617
691117203
826307684
1138190769
2034626597
1627942793
1149015817
806118315
687050579
488990070
2142937408
183530586
842558156
1425812083
1800444854
346264174
30765177
1713159224
230901060
697625312
568640620
232338458
724125718
923158252
1019034218
1143024282
196865380
2034758708
1681637763
1666454119
2131496341
1438884602
366245143
1514071561
546948652
1125269566
391701635
1556043904
1151671470
1336082757
1149010038
186686823
1321317130
913876300
266593951
441450101
1182226900
63414594
410530049
1809191669
1877462329
1191704016
1360760894
959515392
464712018
1436709826
1408500571
1663072873
877693245
914212578
39669501
2048244482
1097590208
1939305285
487891013
295078949
953253173
413835460
1014199190
1957454755
1380962048
587553613
657861471
1293560302
1929150015
398972695
1763784678
1119579124
890127362
1625663784
163690730
1053457402
1926983973
11598067
533036111
2115505435
852841040
1757930240
1095239152
1760544559
83846453
1372496739
1310453488
177330310
1353153761
1304140243
212237780
1962325008
1964383132
1141823974
1643671640
2006368553
103303124
1111468351
748831754
946384790
1695177881
1721742638
299660554
1662570924
331292147
262533855
928846349
1121502456
1955167369
550287815
153644259
22035580
607002501
1917522199
2144978908
1955988547
860639515
189429111
1100484439
1403000498
2136348243
306226862
1403350736
696836712
1448683706
400683328
349639531
1621888088
72538988
300642604
488446101
317028235
248277036
1327899726
967801981
952521561
1141079786
322165291
323723987
546405877
290949642
2088026585
1876795796
1386068569
1886536207
439658226
1163585555
1506411385
1813508440
1417864266
364753815
1029784146
144566714
1628448435
837952856
1439594523
1945705516
41129156
1787717599
324902433
1330424390
1845096652
1675163796
781441853
846097216
1558877456
1164362253
1860827667
34180686
112016572
486897523
290432101
