0
1
2
47197
4
5
75810
7
8
26325
10
11
12
93366
14
15
73326
17
18
88937
20
21
22
3132
24
25
22448
27
28
53915
30
31
32
86739
34
35
38586
37
38
5474
40
41
42
17521
44
45
34161
47
48
46440
50
51
52
90584
54
55
14775
57
58
19548
60
61
62
7289
64
65
98048
67
68
54715
70
71
72
16502
74
75
13505
77
78
88237
80
81
82
70792
84
85
45157
87
88
34897
90
91
92
87989
94
95
76185
97
98
382
100
101
102
78141
104
105
86239
107
108
48759
110
111
112
4329
114
115
60175
117
118
3961
120
121
122
62263
124
125
72437
127
128
78244
130
131
132
72896
134
135
17328
137
138
69854
140
141
142
55774
144
145
95733
147
148
88862
150
151
152
94020
154
155
78798
157
158
61546
160
161
162
22614
164
165
68970
167
168
34723
170
171
172
92862
174
175
44933
177
178
51776
180
181
182
36524
184
185
7894
187
188
65212
190
191
192
21862
194
195
11565
197
198
76424
200
201
202
80951
204
205
16334
207
208
55472
210
211
212
70181
214
215
33798
217
218
96813
220
221
222
79258
224
225
8627
227
228
69801
230
231
232
32279
234
235
40841
237
238
52669
240
241
242
990
244
245
92180
247
248
12056
250
251
252
70706
254
255
52756
257
258
46025
260
261
262
79844
264
265
21784
267
268
35490
270
271
272
32209
274
275
44507
277
278
68362
280
281
282
874
284
285
28009
287
288
42086
290
291
292
28563
294
295
65255
297
298
76185
300
301
302
66811
304
305
34285
307
308
84409
310
311
312
74252
314
315
46434
317
318
55903
320
321
322
31125
324
325
8568
327
328
66115
330
331
332
64935
334
335
43030
337
338
10531
340
341
342
76919
344
345
80618
347
348
7043
350
351
352
50371
354
355
69530
357
358
8307
360
361
362
86020
364
365
86830
367
368
22975
370
371
372
31632
374
375
31204
377
378
5130
380
381
382
96093
384
385
21825
387
388
6080
390
391
392
57990
394
395
58980
397
398
87247
400
401
402
12723
404
405
56867
407
408
44156
410
411
412
38311
414
415
94301
417
418
20159
420
421
422
34532
424
425
17410
427
428
11614
430
431
432
75569
434
435
54126
437
438
18392
440
441
442
90860
444
445
13772
447
448
97620
450
451
452
66813
454
455
14142
457
458
20968
460
461
462
30777
464
465
32156
467
468
70702
470
471
472
27111
474
475
56113
477
478
98346
480
481
482
22165
484
485
78913
487
488
5092
490
491
492
95480
494
495
85487
497
498
47328
500
501
502
20204
504
505
4085
507
508
58634
510
511
512
25849
514
515
7864
517
518
90958
520
521
522
2855
524
525
48437
527
528
19982
530
531
532
2452
534
535
5882
537
538
65677
540
541
542
98950
544
545
25266
547
548
40346
550
551
552
40158
554
555
57658
557
558
53200
560
561
562
91463
564
565
58023
567
568
14259
570
571
572
57329
574
575
26348
577
578
31533
580
581
582
23633
584
585
31500
587
588
72084
590
591
592
40415
594
595
28154
597
598
69928
600
601
602
20495
604
605
7326
607
608
6933
610
611
612
32848
614
615
36214
617
618
77411
620
621
622
11424
624
625
51621
627
628
45836
630
631
632
225
634
635
99260
637
638
58964
640
641
642
64614
644
645
32211
647
648
42839
650
651
652
88144
654
655
88157
657
658
60213
660
661
662
14818
664
665
9716
667
668
32498
670
671
672
31477
674
675
4256
677
678
29923
680
681
682
50722
684
685
38337
687
688
82825
690
691
692
77296
694
695
71732
697
698
30251
700
701
702
10366
704
705
13977
707
708
77376
710
711
712
67642
714
715
67778
717
718
46921
720
721
722
85238
724
725
71782
727
728
14686
730
731
732
21849
734
735
20798
737
738
26929
740
741
742
40858
744
745
19584
747
748
40287
750
751
752
80282
754
755
61212
757
758
72572
760
761
762
7937
764
765
26927
767
768
28432
770
771
772
33288
774
775
5544
777
778
7649
780
781
782
34034
784
785
64874
787
788
47170
790
791
792
49564
794
795
39988
797
798
93600
800
801
802
15738
804
805
22776
807
808
52169
810
811
812
89339
814
815
32301
817
818
11029
820
821
822
42321
824
825
58632
827
828
22908
830
831
832
60489
834
835
84274
837
838
85868
840
841
842
88929
844
845
52631
847
848
28217
850
851
852
32212
854
855
2521
857
858
76029
860
861
862
58101
864
865
80405
867
868
22947
870
871
872
59077
874
875
98808
877
878
32295
880
881
882
11788
884
885
45541
887
888
18087
890
891
892
46569
894
895
19582
897
898
93750
900
901
902
3889
904
905
66642
907
908
68154
910
911
912
67080
914
915
61671
917
918
27602
920
921
922
62996
924
925
83190
927
928
53542
930
931
932
37475
934
935
51054
937
938
48280
940
941
942
29058
944
945
20157
947
948
47404
950
951
952
13426
954
955
67276
957
958
17452
960
961
962
36042
964
965
2107
967
968
10372
970
971
972
96546
974
975
34909
977
978
46698
980
981
982
16473
984
985
36256
987
988
98989
990
991
992
63512
994
995
85283
997
998
96140
