0
1
2
68257
4
5
44137
7
8
92460
10
11
12
87436
14
15
95061
17
18
23412
20
21
22
58168
24
25
24537
27
28
66763
30
31
32
57801
34
35
85741
37
38
87426
40
41
42
63832
44
45
89666
47
48
75644
50
51
52
54128
54
55
67514
57
58
64483
60
61
62
76613
64
65
90578
67
68
76587
70
71
72
93321
74
75
8792
77
78
82765
80
81
82
80848
84
85
66121
87
88
60995
90
91
92
89006
94
95
9841
97
98
85947
100
101
102
40422
104
105
89180
107
108
82530
110
111
112
98938
114
115
53724
117
118
37813
120
121
122
42344
124
125
89480
127
128
29889
130
131
132
3193
134
135
16617
137
138
69477
140
141
142
11804
144
145
13265
147
148
37628
150
151
152
55846
154
155
81136
157
158
15622
160
161
162
57429
164
165
58693
167
168
55829
170
171
172
31600
174
175
11930
177
178
73300
180
181
182
29051
184
185
83282
187
188
88493
190
191
192
83727
194
195
13081
197
198
49471
200
201
202
1490
204
205
89007
207
208
69194
210
211
212
43504
214
215
81653
217
218
98038
220
221
222
34229
224
225
71497
227
228
84002
230
231
232
23275
234
235
97459
237
238
53290
240
241
242
14167
244
245
73657
247
248
97419
250
251
252
26929
254
255
68306
257
258
11734
260
261
262
79567
264
265
1777
267
268
24550
270
271
272
92248
274
275
74009
277
278
10240
280
281
282
47372
284
285
59486
287
288
14239
290
291
292
23312
294
295
3211
297
298
1467
300
301
302
10227
304
305
8741
307
308
36203
310
311
312
90740
314
315
95461
317
318
69115
320
321
322
65070
324
325
16928
327
328
13146
330
331
332
39776
334
335
50582
337
338
99429
340
341
342
97312
344
345
3272
347
348
33956
350
351
352
87675
354
355
61973
357
358
1489
360
361
362
49556
364
365
35871
367
368
51656
370
371
372
71463
374
375
75378
377
378
56456
380
381
382
14587
384
385
99721
387
388
82909
390
391
392
1044
394
395
78295
397
398
94621
400
401
402
70316
404
405
81802
407
408
56799
410
411
412
26742
414
415
10665
417
418
88181
420
421
422
7197
424
425
34130
427
428
41705
430
431
432
67131
434
435
46125
437
438
85251
440
441
442
54893
444
445
70649
447
448
61913
450
451
452
55330
454
455
64309
457
458
95718
460
461
462
97801
464
465
70076
467
468
75122
470
471
472
72638
474
475
70015
477
478
1072
480
481
482
30401
484
485
75355
487
488
79965
490
491
492
19191
494
495
54507
497
498
52600
500
501
502
19572
504
505
53921
507
508
75434
510
511
512
44271
514
515
13622
517
518
91578
520
521
522
86374
524
525
56079
527
528
10304
530
531
532
39683
534
535
44756
537
538
96149
540
541
542
76498
544
545
46050
547
548
3767
550
551
552
24100
554
555
5299
557
558
78505
560
561
562
74027
564
565
21432
567
568
47294
570
571
572
70548
574
575
78061
577
578
96553
580
581
582
10879
584
585
29867
587
588
93036
590
591
592
85991
594
595
36960
597
598
64657
600
601
602
77402
604
605
8846
607
608
37200
610
611
612
54872
614
615
10655
617
618
10478
620
621
622
1975
624
625
58494
627
628
27229
630
631
632
14408
634
635
95510
637
638
59858
640
641
642
81819
644
645
97089
647
648
79778
650
651
652
89522
654
655
57798
657
658
99735
660
661
662
68896
664
665
581
667
668
43266
670
671
672
39173
674
675
91439
677
678
29907
680
681
682
31539
684
685
39036
687
688
3417
690
691
692
87345
694
695
176
697
698
20322
700
701
702
47479
704
705
21307
707
708
94221
710
711
712
126
714
715
66505
717
718
97142
720
721
722
98151
724
725
68806
727
728
37441
730
731
732
7657
734
735
39448
737
738
57813
740
741
742
26981
744
745
37498
747
748
46491
750
751
752
37684
754
755
18286
757
758
38222
760
761
762
49601
764
765
49198
767
768
44336
770
771
772
80330
774
775
19490
777
778
94892
780
781
782
15052
784
785
3857
787
788
45595
790
791
792
98693
794
795
31863
797
798
61671
800
801
802
86197
804
805
25823
807
808
51165
810
811
812
34545
814
815
71212
817
818
2301
820
821
822
1287
824
825
46166
827
828
50348
830
831
832
502
834
835
55300
837
838
56582
840
841
842
65851
844
845
32769
847
848
85980
850
851
852
40634
854
855
20173
857
858
89485
860
861
862
7957
864
865
1495
867
868
25204
870
871
872
55222
874
875
17753
877
878
14492
880
881
882
36461
884
885
19040
887
888
56370
890
891
892
18318
894
895
16578
897
898
66821
900
901
902
4749
904
905
85767
907
908
44314
910
911
912
42660
914
915
83459
917
918
58847
920
921
922
40316
924
925
85574
927
928
52474
930
931
932
840
934
935
81411
937
938
70934
940
941
942
77829
944
945
16
947
948
88055
950
951
952
69801
954
955
25015
957
958
5833
960
961
962
44244
964
965
92384
967
968
77589
970
971
972
77156
974
975
84133
977
978
77453
980
981
982
68375
984
985
29829
987
988
85663
990
991
992
2504
994
995
67215
997
998
65755
1000
1001
1002
38643
1004
1005
85328
1007
1008
36280
1010
1011
1012
12209
1014
1015
20373
1017
1018
7451
1020
1021
1022
9562
1024
1025
64841
1027
1028
35790
1030
1031
1032
15394
1034
1035
36575
1037
1038
64637
1040
1041
1042
11423
1044
1045
15136
1047
1048
55215
1050
1051
1052
53218
1054
1055
52431
1057
1058
14904
1060
1061
1062
2132
1064
1065
95410
1067
1068
16072
1070
1071
1072
21328
1074
1075
8520
1077
1078
3854
1080
1081
1082
98661
1084
1085
50736
1087
1088
39265
1090
1091
1092
73775
1094
1095
17067
1097
1098
27064
1100
1101
1102
47347
1104
1105
98632
1107
1108
7332
1110
1111
1112
74489
1114
1115
6656
1117
1118
61209
1120
1121
1122
46522
1124
1125
1161
1127
1128
91598
1130
1131
1132
83922
1134
1135
31610
1137
1138
21340
1140
1141
1142
76180
1144
1145
11346
1147
1148
71323
1150
1151
1152
99583
1154
1155
33205
1157
1158
12450
1160
1161
1162
51496
1164
1165
40969
1167
1168
83451
1170
1171
1172
73863
1174
1175
12675
1177
1178
64636
1180
1181
1182
825
1184
1185
52647
1187
1188
20386
1190
1191
1192
15344
1194
1195
62246
1197
1198
34801
1200
1201
1202
94059
1204
1205
15676
1207
1208
42123
1210
1211
1212
60826
1214
1215
57185
1217
1218
68801
1220
1221
1222
24739
1224
1225
57936
1227
1228
57956
1230
1231
1232
73619
1234
1235
79895
1237
1238
95424
1240
1241
1242
69341
1244
1245
43874
1247
1248
6303
1250
1251
1252
27080
1254
1255
80889
1257
1258
79297
1260
1261
1262
49675
1264
1265
20533
1267
1268
88601
1270
1271
1272
10739
1274
1275
47486
1277
1278
41611
1280
1281
1282
40769
1284
1285
6394
1287
1288
82190
1290
1291
1292
82278
1294
1295
52390
1297
1298
82590
1300
1301
1302
37168
1304
1305
39249
1307
1308
88506
1310
1311
1312
52522
1314
1315
16015
1317
1318
65063
1320
1321
1322
93309
1324
1325
64927
1327
1328
25533
1330
1331
1332
76871
1334
1335
49651
1337
1338
82302
1340
1341
1342
85372
1344
1345
84070
1347
1348
90114
1350
1351
1352
31652
1354
1355
2806
1357
1358
18597
1360
1361
1362
26585
1364
1365
3579
1367
1368
48892
1370
1371
1372
77345
1374
1375
10091
1377
1378
30347
1380
1381
1382
36940
1384
1385
66310
1387
1388
62680
1390
1391
1392
10243
1394
1395
64821
1397
1398
865
1400
1401
1402
74999
1404
1405
20791
1407
1408
40333
1410
1411
1412
32849
1414
1415
67376
1417
1418
6398
1420
1421
1422
48773
1424
1425
28886
1427
1428
90363
1430
1431
1432
32613
1434
1435
73847
1437
1438
14716
1440
1441
1442
65123
1444
1445
19303
1447
1448
99817
1450
1451
1452
57721
1454
1455
41413
1457
1458
17656
1460
1461
1462
11587
1464
1465
44861
1467
1468
22699
1470
1471
1472
19108
1474
1475
49783
1477
1478
71869
1480
1481
1482
40215
1484
1485
17391
1487
1488
40525
1490
1491
1492
37851
1494
1495
79390
1497
1498
69457
1500
1501
1502
7825
1504
1505
31784
1507
1508
6801
1510
1511
1512
46845
1514
1515
94015
1517
1518
61534
1520
1521
1522
63312
1524
1525
68169
1527
1528
98143
1530
1531
1532
43102
1534
1535
95862
1537
1538
19836
1540
1541
1542
18087
1544
1545
35921
1547
1548
92361
1550
1551
1552
67392
1554
1555
4440
1557
1558
24027
1560
1561
1562
18409
1564
1565
55834
1567
1568
49190
1570
1571
1572
49003
1574
1575
88427
1577
1578
70125
1580
1581
1582
5299
1584
1585
1949
1587
1588
77131
1590
1591
1592
95458
1594
1595
32397
1597
1598
87019
1600
1601
1602
16524
1604
1605
36504
1607
1608
18563
1610
1611
1612
4046
1614
1615
46469
1617
1618
71454
1620
1621
1622
55619
1624
1625
70682
1627
1628
43539
1630
1631
1632
67560
1634
1635
81111
1637
1638
82931
1640
1641
1642
16400
1644
1645
11836
1647
1648
94554
1650
1651
1652
32694
1654
1655
43828
1657
1658
53984
1660
1661
1662
34671
1664
1665
55302
1667
1668
53214
1670
1671
1672
31259
1674
1675
82757
1677
1678
55578
1680
1681
1682
55436
1684
1685
48380
1687
1688
9241
1690
1691
1692
56051
1694
1695
32144
1697
1698
77064
1700
1701
1702
58743
1704
1705
33792
1707
1708
33972
1710
1711
1712
69796
1714
1715
30643
1717
1718
44159
1720
1721
1722
99005
1724
1725
95628
1727
1728
79882
1730
1731
1732
34703
1734
1735
68153
1737
1738
91934
1740
1741
1742
15848
1744
1745
99432
1747
1748
73732
1750
1751
1752
3157
1754
1755
60202
1757
1758
39472
1760
1761
1762
82245
1764
1765
62425
1767
1768
71608
1770
1771
1772
61081
1774
1775
40646
1777
1778
19738
1780
1781
1782
95632
1784
1785
53827
1787
1788
48712
1790
1791
1792
48166
1794
1795
54315
1797
1798
35805
1800
1801
1802
69052
1804
1805
1620
1807
1808
78431
1810
1811
1812
32477
1814
1815
48435
1817
1818
80003
1820
1821
1822
1467
1824
1825
43597
1827
1828
49003
1830
1831
1832
53828
1834
1835
35257
1837
1838
31275
1840
1841
1842
24039
1844
1845
52846
1847
1848
74829
1850
1851
1852
6527
1854
1855
13410
1857
1858
71235
1860
1861
1862
34778
1864
1865
4498
1867
1868
29032
1870
1871
1872
50554
1874
1875
64739
1877
1878
8854
1880
1881
1882
48201
1884
1885
99694
1887
1888
96050
1890
1891
1892
3954
1894
1895
95237
1897
1898
98067
1900
1901
1902
26192
1904
1905
3740
1907
1908
18146
1910
1911
1912
65453
1914
1915
98779
1917
1918
97471
1920
1921
1922
5180
1924
1925
42202
1927
1928
62422
1930
1931
1932
75504
1934
1935
56052
1937
1938
91535
1940
1941
1942
34546
1944
1945
89615
1947
1948
91289
1950
1951
1952
73609
1954
1955
33960
1957
1958
10249
1960
1961
1962
92391
1964
1965
21151
1967
1968
46641
1970
1971
1972
57167
1974
1975
62791
1977
1978
31911
1980
1981
1982
41684
1984
1985
47306
1987
1988
94441
1990
1991
1992
20625
1994
1995
12324
1997
1998
1829
2000
2001
2002
27167
2004
2005
72082
2007
2008
43133
2010
2011
2012
24330
2014
2015
2110
2017
2018
1324
2020
2021
2022
89391
2024
2025
68583
2027
2028
54737
2030
2031
2032
21344
2034
2035
55500
2037
2038
82559
2040
2041
2042
4387
2044
2045
86394
2047
2048
3254
2050
2051
2052
83695
2054
2055
89311
2057
2058
98127
2060
2061
2062
86766
2064
2065
34414
2067
2068
74111
2070
2071
2072
26997
2074
2075
78845
2077
2078
77182
2080
2081
2082
2970
2084
2085
33022
2087
2088
49076
2090
2091
2092
32360
2094
2095
92113
2097
2098
14052
2100
2101
2102
65678
2104
2105
25172
2107
2108
65105
2110
2111
2112
40683
2114
2115
40719
2117
2118
39968
2120
2121
2122
6259
2124
2125
13751
2127
2128
65360
2130
2131
2132
89801
2134
2135
60659
2137
2138
5084
2140
2141
2142
65545
2144
2145
36887
2147
2148
23110
2150
2151
2152
32754
2154
2155
46712
2157
2158
72804
2160
2161
2162
30751
2164
2165
25414
2167
2168
83069
2170
2171
2172
97547
2174
2175
16143
2177
2178
43002
2180
2181
2182
74006
2184
2185
72216
2187
2188
72422
2190
2191
2192
63195
2194
2195
21134
2197
2198
68017
2200
2201
2202
83276
2204
2205
68394
2207
2208
93580
2210
2211
2212
25506
2214
2215
70186
2217
2218
25893
2220
2221
2222
93528
2224
2225
89813
2227
2228
61270
2230
2231
2232
26762
2234
2235
24035
2237
2238
99632
2240
2241
2242
24288
2244
2245
54325
2247
2248
89767
2250
2251
2252
41214
2254
2255
75729
2257
2258
48510
2260
2261
2262
40295
2264
2265
87148
2267
2268
45341
2270
2271
2272
60344
2274
2275
57943
2277
2278
26760
2280
2281
2282
49853
2284
2285
71223
2287
2288
86234
2290
2291
2292
16717
2294
2295
95108
2297
2298
25899
2300
2301
2302
2912
2304
2305
43954
2307
2308
16087
2310
2311
2312
6968
2314
2315
82586
2317
2318
40441
2320
2321
2322
19579
2324
2325
66107
2327
2328
95878
2330
2331
2332
52975
2334
2335
518
2337
2338
8360
2340
2341
2342
19712
2344
2345
2645
2347
2348
4041
2350
2351
2352
88
2354
2355
36064
2357
2358
59027
2360
2361
2362
63708
2364
2365
13635
2367
2368
79042
2370
2371
2372
87699
2374
2375
89082
2377
2378
5835
2380
2381
2382
62762
2384
2385
7331
2387
2388
79689
2390
2391
2392
42139
2394
2395
20243
2397
2398
80524
2400
2401
2402
51131
2404
2405
72059
2407
2408
34718
2410
2411
2412
29404
2414
2415
31382
2417
2418
39643
2420
2421
2422
44946
2424
2425
32497
2427
2428
1143
2430
2431
2432
2522
2434
2435
18161
2437
2438
76791
2440
2441
2442
11669
2444
2445
45131
2447
2448
38779
2450
2451
2452
31111
2454
2455
81943
2457
2458
71953
2460
2461
2462
36191
2464
2465
37087
2467
2468
12945
2470
2471
2472
40774
2474
2475
95722
2477
2478
21161
2480
2481
2482
88140
2484
2485
25415
2487
2488
44810
2490
2491
2492
56625
2494
2495
29346
2497
2498
39712
2500
2501
2502
5094
2504
2505
47069
2507
2508
46307
2510
2511
2512
4816
2514
2515
42298
2517
2518
56111
2520
2521
2522
25255
2524
2525
12449
2527
2528
62813
2530
2531
2532
15001
2534
2535
22181
2537
2538
91680
2540
2541
2542
20972
2544
2545
48188
2547
2548
60430
2550
2551
2552
57080
2554
2555
1951
2557
2558
61761
2560
2561
2562
82839
2564
2565
97358
2567
2568
31580
2570
2571
2572
18756
2574
2575
54837
2577
2578
19234
2580
2581
2582
17596
2584
2585
95579
2587
2588
19157
2590
2591
2592
78864
2594
2595
94299
2597
2598
30250
2600
2601
2602
44849
2604
2605
60526
2607
2608
96763
2610
2611
2612
55738
2614
2615
73773
2617
2618
54957
2620
2621
2622
65643
2624
2625
63272
2627
2628
41081
2630
2631
2632
92350
2634
2635
83702
2637
2638
4574
2640
2641
2642
62361
2644
2645
62111
2647
2648
57412
2650
2651
2652
83262
2654
2655
93139
2657
2658
37783
2660
2661
2662
44577
2664
2665
44137
2667
2668
66727
2670
2671
2672
64218
2674
2675
33253
2677
2678
18574
2680
2681
2682
81034
2684
2685
6855
2687
2688
27877
2690
2691
2692
68335
2694
2695
59045
2697
2698
2490
2700
2701
2702
10372
2704
2705
6180
2707
2708
45159
2710
2711
2712
23434
2714
2715
68086
2717
2718
80456
2720
2721
2722
13265
2724
2725
45290
2727
2728
16239
2730
2731
2732
12684
2734
2735
46330
2737
2738
86170
2740
2741
2742
73176
2744
2745
56960
2747
2748
87583
2750
2751
2752
96608
2754
2755
37046
2757
2758
98031
2760
2761
2762
2669
2764
2765
93865
2767
2768
1171
2770
2771
2772
58952
2774
2775
29166
2777
2778
49828
2780
2781
2782
22997
2784
2785
98257
2787
2788
61754
2790
2791
2792
20364
2794
2795
53546
2797
2798
67672
2800
2801
2802
47503
2804
2805
4527
2807
2808
39303
2810
2811
2812
74919
2814
2815
40388
2817
2818
90268
2820
2821
2822
46510
2824
2825
18715
2827
2828
2921
2830
2831
2832
70392
2834
2835
8525
2837
2838
79169
2840
2841
2842
16051
2844
2845
10783
2847
2848
99654
2850
2851
2852
36395
2854
2855
47169
2857
2858
46082
2860
2861
2862
83914
2864
2865
32707
2867
2868
27687
2870
2871
2872
2594
2874
2875
92740
2877
2878
27182
2880
2881
2882
58953
2884
2885
23888
2887
2888
31302
2890
2891
2892
53494
2894
2895
57511
2897
2898
91749
2900
2901
2902
94678
2904
2905
89834
2907
2908
83309
2910
2911
2912
95106
2914
2915
3529
2917
2918
44662
2920
2921
2922
41332
2924
2925
87595
2927
2928
95323
2930
2931
2932
10607
2934
2935
1796
2937
2938
51857
2940
2941
2942
18843
2944
2945
13171
2947
2948
70608
2950
2951
2952
80926
2954
2955
92693
2957
2958
5931
2960
2961
2962
75268
2964
2965
1862
2967
2968
40810
2970
2971
2972
12020
2974
2975
28955
2977
2978
50280
2980
2981
2982
76051
2984
2985
56407
2987
2988
587
2990
2991
2992
88664
2994
2995
21721
2997
2998
30473
3000
3001
3002
24621
3004
3005
88935
3007
3008
15944
3010
3011
3012
98257
3014
3015
33504
3017
3018
1310
3020
3021
3022
49335
3024
3025
39271
3027
3028
58472
3030
3031
3032
31804
3034
3035
32923
3037
3038
31158
3040
3041
3042
98330
3044
3045
12781
3047
3048
9235
3050
3051
3052
47931
3054
3055
64405
3057
3058
74860
3060
3061
3062
81310
3064
3065
68161
3067
3068
27550
3070
3071
3072
92403
3074
3075
14175
3077
3078
54102
3080
3081
3082
7797
3084
3085
51992
3087
3088
46617
3090
3091
3092
77867
3094
3095
25511
3097
3098
20057
3100
3101
3102
90471
3104
3105
68813
3107
3108
65216
3110
3111
3112
95674
3114
3115
4001
3117
3118
24896
3120
3121
3122
30480
3124
3125
37167
3127
3128
69238
3130
3131
3132
26996
3134
3135
78538
3137
3138
76352
3140
3141
3142
693
3144
3145
48437
3147
3148
36476
3150
3151
3152
7260
3154
3155
26610
3157
3158
9532
3160
3161
3162
62359
3164
3165
92968
3167
3168
34689
3170
3171
3172
69692
3174
3175
82126
3177
3178
2820
3180
3181
3182
36394
3184
3185
39135
3187
3188
24824
3190
3191
3192
98978
3194
3195
82946
3197
3198
86480
3200
3201
3202
20099
3204
3205
24120
3207
3208
74403
3210
3211
3212
35648
3214
3215
65883
3217
3218
38895
3220
3221
3222
20808
3224
3225
83974
3227
3228
99527
3230
3231
3232
74987
3234
3235
76711
3237
3238
79404
3240
3241
3242
7368
3244
3245
26147
3247
3248
51417
3250
3251
3252
76579
3254
3255
11092
3257
3258
33794
3260
3261
3262
4582
3264
3265
43358
3267
3268
51989
3270
3271
3272
54646
3274
3275
7765
3277
3278
43761
3280
3281
3282
94046
3284
3285
3939
3287
3288
69405
3290
3291
3292
72835
3294
3295
74420
3297
3298
95725
3300
3301
3302
38147
3304
3305
14088
3307
3308
60632
3310
3311
3312
39818
3314
3315
75929
3317
3318
44358
3320
3321
3322
63834
3324
3325
25234
3327
3328
13051
3330
3331
3332
26565
3334
3335
21927
3337
3338
76707
3340
3341
3342
51592
3344
3345
30364
3347
3348
96295
3350
3351
3352
78328
3354
3355
66130
3357
3358
49858
3360
3361
3362
83284
3364
3365
88342
3367
3368
91649
3370
3371
3372
36134
3374
3375
97987
3377
3378
33499
3380
3381
3382
58584
3384
3385
26515
3387
3388
54512
3390
3391
3392
25879
3394
3395
4235
3397
3398
13467
3400
3401
3402
9867
3404
3405
60465
3407
3408
39643
3410
3411
3412
74271
3414
3415
68401
3417
3418
84703
3420
3421
3422
55706
3424
3425
87439
3427
3428
80136
3430
3431
3432
28073
3434
3435
90051
3437
3438
40490
3440
3441
3442
2964
3444
3445
36984
3447
3448
92135
3450
3451
3452
85974
3454
3455
53749
3457
3458
20046
3460
3461
3462
12656
3464
3465
44171
3467
3468
92010
3470
3471
3472
1997
3474
3475
68472
3477
3478
27619
3480
3481
3482
80819
3484
3485
33983
3487
3488
79623
3490
3491
3492
88121
3494
3495
15270
3497
3498
89246
3500
3501
3502
58619
3504
3505
87438
3507
3508
17814
3510
3511
3512
51293
3514
3515
59593
3517
3518
32645
3520
3521
3522
59642
3524
3525
40623
3527
3528
72585
3530
3531
3532
55396
3534
3535
5555
3537
3538
53063
3540
3541
3542
93837
3544
3545
80883
3547
3548
7234
3550
3551
3552
86187
3554
3555
31103
3557
3558
24975
3560
3561
3562
25457
3564
3565
20399
3567
3568
34468
3570
3571
3572
15691
3574
3575
33217
3577
3578
6072
3580
3581
3582
80685
3584
3585
89261
3587
3588
38339
3590
3591
3592
77252
3594
3595
18591
3597
3598
36229
3600
3601
3602
89108
3604
3605
48072
3607
3608
93309
3610
3611
3612
65187
3614
3615
72912
3617
3618
80149
3620
3621
3622
44809
3624
3625
3554
3627
3628
23975
3630
3631
3632
99105
3634
3635
43661
3637
3638
77855
3640
3641
3642
82284
3644
3645
97881
3647
3648
34954
3650
3651
3652
6588
3654
3655
42871
3657
3658
1256
3660
3661
3662
66268
3664
3665
76039
3667
3668
42455
3670
3671
3672
59204
3674
3675
88016
3677
3678
79413
3680
3681
3682
65613
3684
3685
28867
3687
3688
9425
3690
3691
3692
517
3694
3695
2734
3697
3698
53925
3700
3701
3702
66419
3704
3705
70189
3707
3708
47299
3710
3711
3712
43760
3714
3715
27710
3717
3718
59017
3720
3721
3722
85468
3724
3725
63985
3727
3728
45336
3730
3731
3732
61033
3734
3735
88088
3737
3738
34524
3740
3741
3742
67345
3744
3745
23871
3747
3748
49367
3750
3751
3752
64539
3754
3755
49356
3757
3758
25244
3760
3761
3762
33895
3764
3765
84531
3767
3768
84806
3770
3771
3772
12226
3774
3775
37231
3777
3778
80421
3780
3781
3782
52233
3784
3785
26573
3787
3788
63583
3790
3791
3792
28972
3794
3795
53790
3797
3798
93677
3800
3801
3802
89577
3804
3805
10927
3807
3808
27820
3810
3811
3812
7324
3814
3815
33449
3817
3818
79709
3820
3821
3822
2010
3824
3825
16817
3827
3828
74616
3830
3831
3832
21035
3834
3835
76471
3837
3838
27809
3840
3841
3842
91187
3844
3845
28255
3847
3848
90244
3850
3851
3852
19685
3854
3855
33282
3857
3858
62541
3860
3861
3862
23200
3864
3865
16074
3867
3868
10276
3870
3871
3872
70900
3874
3875
33633
3877
3878
40996
3880
3881
3882
61060
3884
3885
66139
3887
3888
73306
3890
3891
3892
50981
3894
3895
80119
3897
3898
34254
3900
3901
3902
69562
3904
3905
88682
3907
3908
56444
3910
3911
3912
4879
3914
3915
22355
3917
3918
61542
3920
3921
3922
18633
3924
3925
78535
3927
3928
28527
3930
3931
3932
28694
3934
3935
28756
3937
3938
45977
3940
3941
3942
43890
3944
3945
2697
3947
3948
80740
3950
3951
3952
55470
3954
3955
67532
3957
3958
70908
3960
3961
3962
99007
3964
3965
81042
3967
3968
29008
3970
3971
3972
39193
3974
3975
76916
3977
3978
30699
3980
3981
3982
46928
3984
3985
93841
3987
3988
77323
3990
3991
3992
15189
3994
3995
67392
3997
3998
80910
4000
4001
4002
88665
4004
4005
21487
4007
4008
15441
4010
4011
4012
82168
4014
4015
14467
4017
4018
15397
4020
4021
4022
3286
4024
4025
63738
4027
4028
85197
4030
4031
4032
64550
4034
4035
65754
4037
4038
57124
4040
4041
4042
63095
4044
4045
84412
4047
4048
69785
4050
4051
4052
81832
4054
4055
58045
4057
4058
74334
4060
4061
4062
11316
4064
4065
43154
4067
4068
50190
4070
4071
4072
74640
4074
4075
13623
4077
4078
65233
4080
4081
4082
19136
4084
4085
32194
4087
4088
68800
4090
4091
4092
18961
4094
4095
77969
4097
4098
91830
4100
4101
4102
97382
4104
4105
25406
4107
4108
58574
4110
4111
4112
41829
4114
4115
65478
4117
4118
70991
4120
4121
4122
93242
4124
4125
7071
4127
4128
35284
4130
4131
4132
22297
4134
4135
5193
4137
4138
57036
4140
4141
4142
50669
4144
4145
23680
4147
4148
63320
4150
4151
4152
42380
4154
4155
36851
4157
4158
18780
4160
4161
4162
8145
4164
4165
57702
4167
4168
75777
4170
4171
4172
48979
4174
4175
45409
4177
4178
26238
4180
4181
4182
62528
4184
4185
28285
4187
4188
10377
4190
4191
4192
78629
4194
4195
36869
4197
4198
53123
4200
4201
4202
41820
4204
4205
54521
4207
4208
63381
4210
4211
4212
51106
4214
4215
30670
4217
4218
13230
4220
4221
4222
46003
4224
4225
86011
4227
4228
19693
4230
4231
4232
34738
4234
4235
68427
4237
4238
33320
4240
4241
4242
87894
4244
4245
53087
4247
4248
95368
4250
4251
4252
32016
4254
4255
90338
4257
4258
51309
4260
4261
4262
3723
4264
4265
56070
4267
4268
93981
4270
4271
4272
36638
4274
4275
66251
4277
4278
2900
4280
4281
4282
58493
4284
4285
94898
4287
4288
64339
4290
4291
4292
56234
4294
4295
12405
4297
4298
16141
4300
4301
4302
35580
4304
4305
44316
4307
4308
9122
4310
4311
4312
29472
4314
4315
92155
4317
4318
32559
4320
4321
4322
38546
4324
4325
86359
4327
4328
29956
4330
4331
4332
66238
4334
4335
66753
4337
4338
11085
4340
4341
4342
73530
4344
4345
96181
4347
4348
19767
4350
4351
4352
63538
4354
4355
26297
4357
4358
37521
4360
4361
4362
54296
4364
4365
53017
4367
4368
86292
4370
4371
4372
72143
4374
4375
15266
4377
4378
29724
4380
4381
4382
98439
4384
4385
71330
4387
4388
96085
4390
4391
4392
3397
4394
4395
86062
4397
4398
44932
4400
4401
4402
63383
4404
4405
9155
4407
4408
48643
4410
4411
4412
80652
4414
4415
33457
4417
4418
87273
4420
4421
4422
77228
4424
4425
45074
4427
4428
9894
4430
4431
4432
97446
4434
4435
27906
4437
4438
36395
4440
4441
4442
50533
4444
4445
51701
4447
4448
48789
4450
4451
4452
96612
4454
4455
59392
4457
4458
43773
4460
4461
4462
30929
4464
4465
68611
4467
4468
18786
4470
4471
4472
13927
4474
4475
66397
4477
4478
51219
4480
4481
4482
1315
4484
4485
19426
4487
4488
44865
4490
4491
4492
23650
4494
4495
49134
4497
4498
288
4500
4501
4502
91260
4504
4505
36090
4507
4508
60950
4510
4511
4512
94169
4514
4515
38117
4517
4518
11376
4520
4521
4522
81860
4524
4525
28761
4527
4528
74298
4530
4531
4532
90357
4534
4535
50553
4537
4538
21668
4540
4541
4542
95107
4544
4545
15450
4547
4548
13389
4550
4551
4552
13234
4554
4555
35070
4557
4558
3141
4560
4561
4562
85890
4564
4565
99543
4567
4568
92845
4570
4571
4572
21790
4574
4575
7653
4577
4578
81956
4580
4581
4582
92603
4584
4585
54900
4587
4588
56631
4590
4591
4592
40687
4594
4595
55701
4597
4598
37735
4600
4601
4602
380
4604
4605
83139
4607
4608
49263
4610
4611
4612
30916
4614
4615
65426
4617
4618
91274
4620
4621
4622
94927
4624
4625
92034
4627
4628
37221
4630
4631
4632
92901
4634
4635
28639
4637
4638
50342
4640
4641
4642
94135
4644
4645
87108
4647
4648
52158
4650
4651
4652
20675
4654
4655
60886
4657
4658
23713
4660
4661
4662
74985
4664
4665
73943
4667
4668
4040
4670
4671
4672
87031
4674
4675
46232
4677
4678
73913
4680
4681
4682
68144
4684
4685
57354
4687
4688
24274
4690
4691
4692
18697
4694
4695
30724
4697
4698
7195
4700
4701
4702
87666
4704
4705
27361
4707
4708
5257
4710
4711
4712
71344
4714
4715
24879
4717
4718
45658
4720
4721
4722
27675
4724
4725
41925
4727
4728
82864
4730
4731
4732
88917
4734
4735
81732
4737
4738
21358
4740
4741
4742
73648
4744
4745
89740
4747
4748
5240
4750
4751
4752
34006
4754
4755
50069
4757
4758
26254
4760
4761
4762
23476
4764
4765
23735
4767
4768
44049
4770
4771
4772
93507
4774
4775
79160
4777
4778
48600
4780
4781
4782
17388
4784
4785
86788
4787
4788
98682
4790
4791
4792
42245
4794
4795
68869
4797
4798
73193
4800
4801
4802
47800
4804
4805
99445
4807
4808
53821
4810
4811
4812
28553
4814
4815
18753
4817
4818
20260
4820
4821
4822
95944
4824
4825
32250
4827
4828
69177
4830
4831
4832
41874
4834
4835
46201
4837
4838
46571
4840
4841
4842
96008
4844
4845
2396
4847
4848
47377
4850
4851
4852
47651
4854
4855
47055
4857
4858
18044
4860
4861
4862
82640
4864
4865
84509
4867
4868
84143
4870
4871
4872
1366
4874
4875
89979
4877
4878
44261
4880
4881
4882
41034
4884
4885
39662
4887
4888
22333
4890
4891
4892
97713
4894
4895
41874
4897
4898
72310
4900
4901
4902
3992
4904
4905
19320
4907
4908
3187
4910
4911
4912
45151
4914
4915
55251
4917
4918
42203
4920
4921
4922
40107
4924
4925
99603
4927
4928
38010
4930
4931
4932
81647
4934
4935
72769
4937
4938
99094
4940
4941
4942
40947
4944
4945
18934
4947
4948
74742
4950
4951
4952
37742
4954
4955
6227
4957
4958
66800
4960
4961
4962
77947
4964
4965
14833
4967
4968
91210
4970
4971
4972
76075
4974
4975
69163
4977
4978
28246
4980
4981
4982
23511
4984
4985
80202
4987
4988
48319
4990
4991
4992
24783
4994
4995
57810
4997
4998
57884
5000
5001
5002
31177
5004
5005
9518
5007
5008
43464
5010
5011
5012
3550
5014
5015
76149
5017
5018
77056
5020
5021
5022
48506
5024
5025
27974
5027
5028
39522
5030
5031
5032
50665
5034
5035
32351
5037
5038
16319
5040
5041
5042
55064
5044
5045
91966
5047
5048
14270
5050
5051
5052
16042
5054
5055
38381
5057
5058
80390
5060
5061
5062
48458
5064
5065
1246
5067
5068
88711
5070
5071
5072
75360
5074
5075
68438
5077
5078
97036
5080
5081
5082
36133
5084
5085
35663
5087
5088
64020
5090
5091
5092
10210
5094
5095
24887
5097
5098
42051
5100
5101
5102
46396
5104
5105
813
5107
5108
70441
5110
5111
5112
29988
5114
5115
58610
5117
5118
569
5120
5121
5122
71543
5124
5125
17325
5127
5128
2729
5130
5131
5132
94499
5134
5135
24044
5137
5138
37650
5140
5141
5142
32331
5144
5145
37352
5147
5148
37166
5150
5151
5152
95551
5154
5155
1175
5157
5158
62483
5160
5161
5162
88962
5164
5165
53462
5167
5168
86541
5170
5171
5172
46373
5174
5175
5399
5177
5178
74555
5180
5181
5182
52743
5184
5185
17310
5187
5188
50448
5190
5191
5192
35739
5194
5195
68163
5197
5198
41136
5200
5201
5202
32794
5204
5205
39917
5207
5208
64806
5210
5211
5212
5590
5214
5215
26847
5217
5218
17337
5220
5221
5222
71137
5224
5225
38745
5227
5228
87655
5230
5231
5232
31039
5234
5235
57144
5237
5238
84834
5240
5241
5242
18696
5244
5245
64765
5247
5248
36786
5250
5251
5252
46189
5254
5255
71026
5257
5258
25115
5260
5261
5262
30541
5264
5265
35307
5267
5268
36682
5270
5271
5272
18908
5274
5275
32365
5277
5278
90747
5280
5281
5282
32149
5284
5285
83090
5287
5288
60072
5290
5291
5292
22084
5294
5295
98718
5297
5298
23877
5300
5301
5302
66250
5304
5305
23631
5307
5308
86931
5310
5311
5312
32797
5314
5315
47080
5317
5318
13109
5320
5321
5322
26686
5324
5325
87207
5327
5328
19910
5330
5331
5332
30342
5334
5335
72239
5337
5338
46985
5340
5341
5342
94028
5344
5345
21339
5347
5348
25520
5350
5351
5352
29844
5354
5355
58560
5357
5358
25513
5360
5361
5362
50505
5364
5365
74046
5367
5368
24462
5370
5371
5372
1629
5374
5375
27877
5377
5378
80597
5380
5381
5382
86453
5384
5385
15457
5387
5388
98004
5390
5391
5392
85522
5394
5395
6294
5397
5398
4075
5400
5401
5402
90047
5404
5405
31620
5407
5408
31683
5410
5411
5412
96844
5414
5415
10620
5417
5418
16857
5420
5421
5422
42269
5424
5425
61052
5427
5428
50807
5430
5431
5432
89850
5434
5435
50149
5437
5438
79726
5440
5441
5442
6984
5444
5445
84218
5447
5448
659
5450
5451
5452
61783
5454
5455
12008
5457
5458
46709
5460
5461
5462
24261
5464
5465
3336
5467
5468
28865
5470
5471
5472
71185
5474
5475
2784
5477
5478
73839
5480
5481
5482
15488
5484
5485
14224
5487
5488
24237
5490
5491
5492
14855
5494
5495
96515
5497
5498
45415
5500
5501
5502
90076
5504
5505
33571
5507
5508
51910
5510
5511
5512
91426
5514
5515
27512
5517
5518
73133
5520
5521
5522
29810
5524
5525
12208
5527
5528
54941
5530
5531
5532
9757
5534
5535
40311
5537
5538
76197
5540
5541
5542
54421
5544
5545
15401
5547
5548
11938
5550
5551
5552
75708
5554
5555
92208
5557
5558
75015
5560
5561
5562
29921
5564
5565
70107
5567
5568
52219
5570
5571
5572
5739
5574
5575
43096
5577
5578
47291
5580
5581
5582
18458
5584
5585
57754
5587
5588
3675
5590
5591
5592
66934
5594
5595
21113
5597
5598
26904
5600
5601
5602
94283
5604
5605
19155
5607
5608
60023
5610
5611
5612
32742
5614
5615
13928
5617
5618
67668
5620
5621
5622
31824
5624
5625
30211
5627
5628
58728
5630
5631
5632
99981
5634
5635
31366
5637
5638
42093
5640
5641
5642
70242
5644
5645
11079
5647
5648
54244
5650
5651
5652
97221
5654
5655
64728
5657
5658
65598
5660
5661
5662
53613
5664
5665
49981
5667
5668
34597
5670
5671
5672
51455
5674
5675
66517
5677
5678
57379
5680
5681
5682
10321
5684
5685
92542
5687
5688
60806
5690
5691
5692
35438
5694
5695
14077
5697
5698
62760
5700
5701
5702
42425
5704
5705
64150
5707
5708
80389
5710
5711
5712
91908
5714
5715
40518
5717
5718
40432
5720
5721
5722
92938
5724
5725
27773
5727
5728
30952
5730
5731
5732
58326
5734
5735
60486
5737
5738
83584
5740
5741
5742
32730
5744
5745
94814
5747
5748
64175
5750
5751
5752
99997
5754
5755
12389
5757
5758
51946
5760
5761
5762
94804
5764
5765
51914
5767
5768
21137
5770
5771
5772
23823
5774
5775
8243
5777
5778
47230
5780
5781
5782
75206
5784
5785
38475
5787
5788
37304
5790
5791
5792
7764
5794
5795
28690
5797
5798
30749
5800
5801
5802
72922
5804
5805
82296
5807
5808
69443
5810
5811
5812
3853
5814
5815
51193
5817
5818
92588
5820
5821
5822
32336
5824
5825
95855
5827
5828
76050
5830
5831
5832
54971
5834
5835
39862
5837
5838
31961
5840
5841
5842
77826
5844
5845
73654
5847
5848
44585
5850
5851
5852
38761
5854
5855
3519
5857
5858
34026
5860
5861
5862
81931
5864
5865
72942
5867
5868
15687
5870
5871
5872
98229
5874
5875
63653
5877
5878
62313
5880
5881
5882
69727
5884
5885
89994
5887
5888
13110
5890
5891
5892
70498
5894
5895
48514
5897
5898
74407
5900
5901
5902
70712
5904
5905
72815
5907
5908
37972
5910
5911
5912
61168
5914
5915
83605
5917
5918
56889
5920
5921
5922
96398
5924
5925
41164
5927
5928
60541
5930
5931
5932
87108
5934
5935
834
5937
5938
81046
5940
5941
5942
30410
5944
5945
21544
5947
5948
45282
5950
5951
5952
97153
5954
5955
39885
5957
5958
46507
5960
5961
5962
7801
5964
5965
83675
5967
5968
58301
5970
5971
5972
69180
5974
5975
31971
5977
5978
19294
5980
5981
5982
45748
5984
5985
95177
5987
5988
64262
5990
5991
5992
58373
5994
5995
9381
5997
5998
944
6000
6001
6002
56265
6004
6005
21463
6007
6008
62252
6010
6011
6012
55157
6014
6015
64466
6017
6018
15086
6020
6021
6022
64662
6024
6025
34637
6027
6028
23367
6030
6031
6032
86254
6034
6035
36577
6037
6038
54989
6040
6041
6042
43266
6044
6045
99117
6047
6048
24230
6050
6051
6052
35578
6054
6055
50475
6057
6058
25034
6060
6061
6062
62264
6064
6065
21275
6067
6068
37412
6070
6071
6072
22208
6074
6075
28304
6077
6078
66003
6080
6081
6082
32559
6084
6085
87733
6087
6088
21337
6090
6091
6092
8050
6094
6095
99399
6097
6098
88650
6100
6101
6102
884
6104
6105
9190
6107
6108
71944
6110
6111
6112
23156
6114
6115
58641
6117
6118
17935
6120
6121
6122
63107
6124
6125
50920
6127
6128
55012
6130
6131
6132
5671
6134
6135
21874
6137
6138
54399
6140
6141
6142
85450
6144
6145
48901
6147
6148
41307
6150
6151
6152
11865
6154
6155
41229
6157
6158
36226
6160
6161
6162
62041
6164
6165
56213
6167
6168
26969
6170
6171
6172
61297
6174
6175
79103
6177
6178
62607
6180
6181
6182
76184
6184
6185
61207
6187
6188
49150
6190
6191
6192
27446
6194
6195
80778
6197
6198
88603
6200
6201
6202
24638
6204
6205
69647
6207
6208
98593
6210
6211
6212
7470
6214
6215
69353
6217
6218
5025
6220
6221
6222
15963
6224
6225
38053
6227
6228
58048
6230
6231
6232
53202
6234
6235
89645
6237
6238
42087
6240
6241
6242
24216
6244
6245
77772
6247
6248
71955
6250
6251
6252
77606
6254
6255
64597
6257
6258
23658
6260
6261
6262
57422
6264
6265
95769
6267
6268
42306
6270
6271
6272
40480
6274
6275
33002
6277
6278
10703
6280
6281
6282
19802
6284
6285
3695
6287
6288
46017
6290
6291
6292
42330
6294
6295
81254
6297
6298
81237
6300
6301
6302
65113
6304
6305
4558
6307
6308
54173
6310
6311
6312
3712
6314
6315
55172
6317
6318
76489
6320
6321
6322
15798
6324
6325
44615
6327
6328
15661
6330
6331
6332
40363
6334
6335
40689
6337
6338
46674
6340
6341
6342
88084
6344
6345
671
6347
6348
12419
6350
6351
6352
20983
6354
6355
73883
6357
6358
87411
6360
6361
6362
51996
6364
6365
63576
6367
6368
53221
6370
6371
6372
14736
6374
6375
56217
6377
6378
7039
6380
6381
6382
96250
6384
6385
3290
6387
6388
80019
6390
6391
6392
89119
6394
6395
80239
6397
6398
71666
6400
6401
6402
30353
6404
6405
14482
6407
6408
11893
6410
6411
6412
42719
6414
6415
4030
6417
6418
81915
6420
6421
6422
15355
6424
6425
64841
6427
6428
73962
6430
6431
6432
75474
6434
6435
7061
6437
6438
3142
6440
6441
6442
25385
6444
6445
2790
6447
6448
40779
6450
6451
6452
86154
6454
6455
25922
6457
6458
81204
6460
6461
6462
86188
6464
6465
96521
6467
6468
40894
6470
6471
6472
33591
6474
6475
92733
6477
6478
6560
6480
6481
6482
63215
6484
6485
78686
6487
6488
75677
6490
6491
6492
27382
6494
6495
53807
6497
6498
2939
6500
6501
6502
68549
6504
6505
13089
6507
6508
65453
6510
6511
6512
29047
6514
6515
12851
6517
6518
88252
6520
6521
6522
25214
6524
6525
47283
6527
6528
30057
6530
6531
6532
48459
6534
6535
2832
6537
6538
95387
6540
6541
6542
75965
6544
6545
66346
6547
6548
98906
6550
6551
6552
92866
6554
6555
31858
6557
6558
60759
6560
6561
6562
52977
6564
6565
87464
6567
6568
66555
6570
6571
6572
85719
6574
6575
28455
6577
6578
55273
6580
6581
6582
75229
6584
6585
54204
6587
6588
43851
6590
6591
6592
83505
6594
6595
97831
6597
6598
58922
6600
6601
6602
3298
6604
6605
38633
6607
6608
77328
6610
6611
6612
994
6614
6615
21285
6617
6618
5328
6620
6621
6622
86094
6624
6625
11934
6627
6628
69798
6630
6631
6632
5308
6634
6635
11437
6637
6638
60097
6640
6641
6642
54374
6644
6645
26420
6647
6648
78920
6650
6651
6652
62163
6654
6655
81396
6657
6658
64556
6660
6661
6662
65825
6664
6665
67868
6667
6668
38868
6670
6671
6672
93410
6674
6675
38937
6677
6678
9529
6680
6681
6682
31113
6684
6685
79001
6687
6688
38723
6690
6691
6692
48384
6694
6695
15543
6697
6698
58237
6700
6701
6702
40114
6704
6705
1031
6707
6708
34786
6710
6711
6712
83129
6714
6715
93075
6717
6718
36004
6720
6721
6722
69089
6724
6725
71464
6727
6728
11666
6730
6731
6732
85825
6734
6735
43969
6737
6738
17673
6740
6741
6742
50439
6744
6745
66959
6747
6748
85614
6750
6751
6752
89768
6754
6755
56556
6757
6758
62830
6760
6761
6762
9367
6764
6765
73715
6767
6768
52500
6770
6771
6772
24335
6774
6775
15380
6777
6778
97191
6780
6781
6782
93407
6784
6785
61915
6787
6788
25733
6790
6791
6792
97638
6794
6795
14859
6797
6798
95326
6800
6801
6802
25167
6804
6805
49876
6807
6808
30700
6810
6811
6812
25105
6814
6815
87467
6817
6818
12893
6820
6821
6822
21662
6824
6825
28074
6827
6828
27739
6830
6831
6832
18092
6834
6835
68890
6837
6838
45811
6840
6841
6842
59251
6844
6845
3483
6847
6848
35550
6850
6851
6852
38199
6854
6855
54232
6857
6858
78642
6860
6861
6862
2469
6864
6865
60867
6867
6868
21060
6870
6871
6872
15075
6874
6875
51393
6877
6878
74037
6880
6881
6882
61322
6884
6885
23715
6887
6888
35222
6890
6891
6892
41000
6894
6895
93127
6897
6898
23528
6900
6901
6902
14541
6904
6905
53047
6907
6908
13920
6910
6911
6912
71128
6914
6915
83979
6917
6918
71698
6920
6921
6922
3491
6924
6925
56733
6927
6928
18799
6930
6931
6932
18816
6934
6935
93183
6937
6938
51749
6940
6941
6942
63643
6944
6945
49037
6947
6948
90183
6950
6951
6952
63668
6954
6955
78004
6957
6958
65282
6960
6961
6962
60920
6964
6965
85095
6967
6968
63594
6970
6971
6972
68277
6974
6975
16106
6977
6978
86523
6980
6981
6982
10565
6984
6985
40303
6987
6988
45185
6990
6991
6992
96965
6994
6995
40601
6997
6998
58685
7000
7001
7002
69233
7004
7005
14620
7007
7008
47759
7010
7011
7012
9147
7014
7015
10387
7017
7018
77118
7020
7021
7022
11223
7024
7025
5377
7027
7028
50527
7030
7031
7032
13685
7034
7035
53294
7037
7038
88443
7040
7041
7042
46867
7044
7045
58089
7047
7048
12375
7050
7051
7052
67724
7054
7055
2084
7057
7058
94652
7060
7061
7062
33773
7064
7065
24071
7067
7068
9897
7070
7071
7072
73486
7074
7075
12761
7077
7078
91486
7080
7081
7082
64506
7084
7085
424
7087
7088
23516
7090
7091
7092
61409
7094
7095
52982
7097
7098
90789
7100
7101
7102
45071
7104
7105
2620
7107
7108
93247
7110
7111
7112
21997
7114
7115
80952
7117
7118
81117
7120
7121
7122
48908
7124
7125
93643
7127
7128
97967
7130
7131
7132
52017
7134
7135
30817
7137
7138
24165
7140
7141
7142
42868
7144
7145
25063
7147
7148
91561
7150
7151
7152
24160
7154
7155
44623
7157
7158
78442
7160
7161
7162
53685
7164
7165
99778
7167
7168
23757
7170
7171
7172
46955
7174
7175
88636
7177
7178
70852
7180
7181
7182
48110
7184
7185
971
7187
7188
35963
7190
7191
7192
98611
7194
7195
98133
7197
7198
48502
7200
7201
7202
91267
7204
7205
73955
7207
7208
42812
7210
7211
7212
45554
7214
7215
11022
7217
7218
94009
7220
7221
7222
70108
7224
7225
50561
7227
7228
91434
7230
7231
7232
77283
7234
7235
67048
7237
7238
84928
7240
7241
7242
77957
7244
7245
76287
7247
7248
43555
7250
7251
7252
83477
7254
7255
50131
7257
7258
21675
7260
7261
7262
64937
7264
7265
31218
7267
7268
31620
7270
7271
7272
81058
7274
7275
76528
7277
7278
8335
7280
7281
7282
89133
7284
7285
30342
7287
7288
98914
7290
7291
7292
71081
7294
7295
10423
7297
7298
35861
7300
7301
7302
28255
7304
7305
71675
7307
7308
34834
7310
7311
7312
85535
7314
7315
18946
7317
7318
81483
7320
7321
7322
42563
7324
7325
63067
7327
7328
45184
7330
7331
7332
896
7334
7335
99775
7337
7338
64302
7340
7341
7342
90485
7344
7345
43161
7347
7348
55551
7350
7351
7352
51712
7354
7355
65495
7357
7358
96870
7360
7361
7362
26160
7364
7365
37919
7367
7368
32847
7370
7371
7372
64254
7374
7375
18955
7377
7378
76906
7380
7381
7382
70949
7384
7385
904
7387
7388
31145
7390
7391
7392
55049
7394
7395
57203
7397
7398
67490
7400
7401
7402
65119
7404
7405
98690
7407
7408
18323
7410
7411
7412
81871
7414
7415
14070
7417
7418
60949
7420
7421
7422
3840
7424
7425
35950
7427
7428
48872
7430
7431
7432
72396
7434
7435
51581
7437
7438
51617
7440
7441
7442
24617
7444
7445
70910
7447
7448
20907
7450
7451
7452
95703
7454
7455
61345
7457
7458
50230
7460
7461
7462
93486
7464
7465
57335
7467
7468
8671
7470
7471
7472
76863
7474
7475
55245
7477
7478
66824
7480
7481
7482
69142
7484
7485
92121
7487
7488
89021
7490
7491
7492
26467
7494
7495
1653
7497
7498
68717
7500
7501
7502
3374
7504
7505
30020
7507
7508
46623
7510
7511
7512
47918
7514
7515
98533
7517
7518
565
7520
7521
7522
63427
7524
7525
39478
7527
7528
1136
7530
7531
7532
18241
7534
7535
2081
7537
7538
59004
7540
7541
7542
39507
7544
7545
42363
7547
7548
20197
7550
7551
7552
52464
7554
7555
51684
7557
7558
95372
7560
7561
7562
31978
7564
7565
42188
7567
7568
8077
7570
7571
7572
38989
7574
7575
54853
7577
7578
84937
7580
7581
7582
32583
7584
7585
42782
7587
7588
39547
7590
7591
7592
87051
7594
7595
90828
7597
7598
19869
7600
7601
7602
41085
7604
7605
74832
7607
7608
9118
7610
7611
7612
99243
7614
7615
23596
7617
7618
97823
7620
7621
7622
65842
7624
7625
5373
7627
7628
7026
7630
7631
7632
28991
7634
7635
49644
7637
7638
39774
7640
7641
7642
45994
7644
7645
76786
7647
7648
82480
7650
7651
7652
9366
7654
7655
67457
7657
7658
75183
7660
7661
7662
72457
7664
7665
98492
7667
7668
41019
7670
7671
7672
3522
7674
7675
90204
7677
7678
81344
7680
7681
7682
5890
7684
7685
58499
7687
7688
7200
7690
7691
7692
31132
7694
7695
93042
7697
7698
58326
7700
7701
7702
73431
7704
7705
95119
7707
7708
79865
7710
7711
7712
81103
7714
7715
70818
7717
7718
82238
7720
7721
7722
65601
7724
7725
24646
7727
7728
66425
7730
7731
7732
90749
7734
7735
51731
7737
7738
96616
7740
7741
7742
55090
7744
7745
32285
7747
7748
3390
7750
7751
7752
49090
7754
7755
6428
7757
7758
75834
7760
7761
7762
34839
7764
7765
86083
7767
7768
86340
7770
7771
7772
462
7774
7775
53283
7777
7778
90607
7780
7781
7782
41197
7784
7785
8566
7787
7788
88529
7790
7791
7792
53038
7794
7795
57708
7797
7798
73279
7800
7801
7802
66482
7804
7805
6082
7807
7808
169
7810
7811
7812
62081
7814
7815
83125
7817
7818
47569
7820
7821
7822
25907
7824
7825
90762
7827
7828
90401
7830
7831
7832
41148
7834
7835
42858
7837
7838
9203
7840
7841
7842
60668
7844
7845
667
7847
7848
68834
7850
7851
7852
41625
7854
7855
68433
7857
7858
32997
7860
7861
7862
42332
7864
7865
25277
7867
7868
63263
7870
7871
7872
50939
7874
7875
25423
7877
7878
93141
7880
7881
7882
45545
7884
7885
470
7887
7888
69408
7890
7891
7892
95234
7894
7895
27862
7897
7898
10524
7900
7901
7902
443
7904
7905
91329
7907
7908
42377
7910
7911
7912
36615
7914
7915
18548
7917
7918
86624
7920
7921
7922
94026
7924
7925
57481
7927
7928
53361
7930
7931
7932
9073
7934
7935
14006
7937
7938
4039
7940
7941
7942
86280
7944
7945
38445
7947
7948
7795
7950
7951
7952
1025
7954
7955
51980
7957
7958
40777
7960
7961
7962
59895
7964
7965
23600
7967
7968
72194
7970
7971
7972
69552
7974
7975
73164
7977
7978
85693
7980
7981
7982
40714
7984
7985
28694
7987
7988
60810
7990
7991
7992
65430
7994
7995
39273
7997
7998
47938
8000
8001
8002
64067
8004
8005
86913
8007
8008
35157
8010
8011
8012
2701
8014
8015
30927
8017
8018
71921
8020
8021
8022
72034
8024
8025
11102
8027
8028
49728
8030
8031
8032
79188
8034
8035
58978
8037
8038
76950
8040
8041
8042
17759
8044
8045
44963
8047
8048
61001
8050
8051
8052
55421
8054
8055
51953
8057
8058
29018
8060
8061
8062
47784
8064
8065
37398
8067
8068
93240
8070
8071
8072
44860
8074
8075
28679
8077
8078
44971
8080
8081
8082
7901
8084
8085
79778
8087
8088
3764
8090
8091
8092
3549
8094
8095
84084
8097
8098
45373
8100
8101
8102
52724
8104
8105
6267
8107
8108
1596
8110
8111
8112
47154
8114
8115
86903
8117
8118
70003
8120
8121
8122
48734
8124
8125
87202
8127
8128
56210
8130
8131
8132
1380
8134
8135
82126
8137
8138
94685
8140
8141
8142
34125
8144
8145
85428
8147
8148
10221
8150
8151
8152
1053
8154
8155
46711
8157
8158
66439
8160
8161
8162
26459
8164
8165
97409
8167
8168
75785
8170
8171
8172
3632
8174
8175
86775
8177
8178
16169
8180
8181
8182
38742
8184
8185
21542
8187
8188
58787
8190
8191
8192
55126
8194
8195
69761
8197
8198
73013
8200
8201
8202
32232
8204
8205
3571
8207
8208
19260
8210
8211
8212
32253
8214
8215
95872
8217
8218
38317
8220
8221
8222
84215
8224
8225
40913
8227
8228
89201
8230
8231
8232
74733
8234
8235
34436
8237
8238
62780
8240
8241
8242
4107
8244
8245
41496
8247
8248
50409
8250
8251
8252
33520
8254
8255
4029
8257
8258
30163
8260
8261
8262
28812
8264
8265
99812
8267
8268
57576
8270
8271
8272
17742
8274
8275
63256
8277
8278
18431
8280
8281
8282
8614
8284
8285
52095
8287
8288
26041
8290
8291
8292
5416
8294
8295
78990
8297
8298
45906
8300
8301
8302
14590
8304
8305
63232
8307
8308
546
8310
8311
8312
72611
8314
8315
7102
8317
8318
16284
8320
8321
8322
99415
8324
8325
52543
8327
8328
76323
8330
8331
8332
81519
8334
8335
75250
8337
8338
44577
8340
8341
8342
10754
8344
8345
26500
8347
8348
45954
8350
8351
8352
93756
8354
8355
31090
8357
8358
52890
8360
8361
8362
38834
8364
8365
18095
8367
8368
33710
8370
8371
8372
25103
8374
8375
79826
8377
8378
99679
8380
8381
8382
79563
8384
8385
92362
8387
8388
29656
8390
8391
8392
77281
8394
8395
89271
8397
8398
64086
8400
8401
8402
57263
8404
8405
57893
8407
8408
53417
8410
8411
8412
13298
8414
8415
17407
8417
8418
19795
8420
8421
8422
61307
8424
8425
35404
8427
8428
9047
8430
8431
8432
73540
8434
8435
98321
8437
8438
52680
8440
8441
8442
77942
8444
8445
51130
8447
8448
9944
8450
8451
8452
14821
8454
8455
5651
8457
8458
70078
8460
8461
8462
37860
8464
8465
31154
8467
8468
10311
8470
8471
8472
80100
8474
8475
70750
8477
8478
80055
8480
8481
8482
69144
8484
8485
5200
8487
8488
22219
8490
8491
8492
2741
8494
8495
22421
8497
8498
94827
8500
8501
8502
53952
8504
8505
53057
8507
8508
85961
8510
8511
8512
40078
8514
8515
1526
8517
8518
29275
8520
8521
8522
39515
8524
8525
33816
8527
8528
15987
8530
8531
8532
18700
8534
8535
90215
8537
8538
43971
8540
8541
8542
92035
8544
8545
8638
8547
8548
56738
8550
8551
8552
90128
8554
8555
13747
8557
8558
70978
8560
8561
8562
66286
8564
8565
44972
8567
8568
29174
8570
8571
8572
71684
8574
8575
55602
8577
8578
7337
8580
8581
8582
89805
8584
8585
58753
8587
8588
33145
8590
8591
8592
61726
8594
8595
20577
8597
8598
73409
8600
8601
8602
89019
8604
8605
90018
8607
8608
9284
8610
8611
8612
79479
8614
8615
30119
8617
8618
33874
8620
8621
8622
35379
8624
8625
7579
8627
8628
43843
8630
8631
8632
36170
8634
8635
84854
8637
8638
39367
8640
8641
8642
81193
8644
8645
25084
8647
8648
80512
8650
8651
8652
11032
8654
8655
86754
8657
8658
50582
8660
8661
8662
83767
8664
8665
77942
8667
8668
88534
8670
8671
8672
43232
8674
8675
46610
8677
8678
28466
8680
8681
8682
74460
8684
8685
37716
8687
8688
7712
8690
8691
8692
22878
8694
8695
64349
8697
8698
29012
8700
8701
8702
97996
8704
8705
68068
8707
8708
20003
8710
8711
8712
96180
8714
8715
78720
8717
8718
1417
8720
8721
8722
47924
8724
8725
88071
8727
8728
68307
8730
8731
8732
19925
8734
8735
46955
8737
8738
27618
8740
8741
8742
93165
8744
8745
1327
8747
8748
84343
8750
8751
8752
36644
8754
8755
55425
8757
8758
41491
8760
8761
8762
57828
8764
8765
70040
8767
8768
81624
8770
8771
8772
93459
8774
8775
70189
8777
8778
91119
8780
8781
8782
59258
8784
8785
84036
8787
8788
80811
8790
8791
8792
32250
8794
8795
93453
8797
8798
47403
8800
8801
8802
6104
8804
8805
43463
8807
8808
21761
8810
8811
8812
53773
8814
8815
7372
8817
8818
80233
8820
8821
8822
28742
8824
8825
80862
8827
8828
43933
8830
8831
8832
59891
8834
8835
74593
8837
8838
60471
8840
8841
8842
59960
8844
8845
42117
8847
8848
64757
8850
8851
8852
49520
8854
8855
73344
8857
8858
32132
8860
8861
8862
58939
8864
8865
45297
8867
8868
21809
8870
8871
8872
22649
8874
8875
23135
8877
8878
40558
8880
8881
8882
24101
8884
8885
62370
8887
8888
32419
8890
8891
8892
32663
8894
8895
58658
8897
8898
90837
8900
8901
8902
1193
8904
8905
85823
8907
8908
79732
8910
8911
8912
88945
8914
8915
61965
8917
8918
95150
8920
8921
8922
99190
8924
8925
41513
8927
8928
32512
8930
8931
8932
72074
8934
8935
5627
8937
8938
81244
8940
8941
8942
16301
8944
8945
87083
8947
8948
24008
8950
8951
8952
22515
8954
8955
67034
8957
8958
35788
8960
8961
8962
11488
8964
8965
71265
8967
8968
92364
8970
8971
8972
17408
8974
8975
79658
8977
8978
8142
8980
8981
8982
48308
8984
8985
84650
8987
8988
37702
8990
8991
8992
45912
8994
8995
30927
8997
8998
97302
9000
9001
9002
73734
9004
9005
95656
9007
9008
21540
9010
9011
9012
79236
9014
9015
7757
9017
9018
2847
9020
9021
9022
45307
9024
9025
9197
9027
9028
23931
9030
9031
9032
28250
9034
9035
74356
9037
9038
3716
9040
9041
9042
67879
9044
9045
74293
9047
9048
87662
9050
9051
9052
48308
9054
9055
15958
9057
9058
55327
9060
9061
9062
80178
9064
9065
91685
9067
9068
77297
9070
9071
9072
69846
9074
9075
69968
9077
9078
30277
9080
9081
9082
57230
9084
9085
57258
9087
9088
51997
9090
9091
9092
23194
9094
9095
95951
9097
9098
730
9100
9101
9102
20812
9104
9105
58451
9107
9108
67780
9110
9111
9112
78456
9114
9115
84656
9117
9118
58301
9120
9121
9122
46564
9124
9125
1707
9127
9128
88322
9130
9131
9132
67824
9134
9135
81425
9137
9138
36859
9140
9141
9142
46873
9144
9145
90804
9147
9148
37673
9150
9151
9152
84335
9154
9155
52818
9157
9158
37221
9160
9161
9162
82213
9164
9165
74959
9167
9168
1829
9170
9171
9172
94276
9174
9175
24096
9177
9178
33310
9180
9181
9182
1237
9184
9185
66633
9187
9188
66976
9190
9191
9192
46514
9194
9195
89638
9197
9198
12588
9200
9201
9202
76720
9204
9205
87524
9207
9208
98069
9210
9211
9212
93464
9214
9215
61508
9217
9218
1995
9220
9221
9222
24393
9224
9225
78123
9227
9228
67034
9230
9231
9232
54896
9234
9235
39487
9237
9238
35992
9240
9241
9242
79279
9244
9245
36692
9247
9248
96766
9250
9251
9252
14904
9254
9255
59342
9257
9258
9459
9260
9261
9262
20344
9264
9265
51069
9267
9268
94055
9270
9271
9272
85112
9274
9275
47062
9277
9278
87338
9280
9281
9282
44051
9284
9285
19338
9287
9288
95813
9290
9291
9292
5856
9294
9295
76115
9297
9298
48880
9300
9301
9302
36029
9304
9305
99039
9307
9308
8972
9310
9311
9312
99972
9314
9315
67158
9317
9318
58541
9320
9321
9322
32354
9324
9325
3022
9327
9328
48858
9330
9331
9332
63311
9334
9335
89303
9337
9338
47275
9340
9341
9342
73586
9344
9345
65693
9347
9348
76178
9350
9351
9352
62853
9354
9355
92958
9357
9358
69952
9360
9361
9362
92384
9364
9365
91567
9367
9368
1950
9370
9371
9372
87463
9374
9375
42701
9377
9378
75408
9380
9381
9382
36324
9384
9385
85065
9387
9388
86354
9390
9391
9392
6786
9394
9395
80524
9397
9398
19339
9400
9401
9402
6841
9404
9405
66897
9407
9408
27199
9410
9411
9412
73841
9414
9415
43000
9417
9418
61923
9420
9421
9422
66418
9424
9425
36660
9427
9428
76786
9430
9431
9432
65392
9434
9435
80945
9437
9438
21410
9440
9441
9442
85879
9444
9445
72624
9447
9448
28615
9450
9451
9452
65584
9454
9455
49615
9457
9458
40320
9460
9461
9462
72132
9464
9465
71796
9467
9468
69364
9470
9471
9472
82390
9474
9475
63632
9477
9478
21713
9480
9481
9482
47944
9484
9485
48429
9487
9488
12465
9490
9491
9492
15718
9494
9495
42431
9497
9498
47298
9500
9501
9502
49688
9504
9505
28780
9507
9508
46434
9510
9511
9512
35837
9514
9515
25664
9517
9518
46743
9520
9521
9522
92013
9524
9525
58344
9527
9528
55680
9530
9531
9532
37598
9534
9535
37465
9537
9538
86156
9540
9541
9542
92480
9544
9545
11490
9547
9548
52506
9550
9551
9552
34263
9554
9555
71222
9557
9558
84679
9560
9561
9562
55393
9564
9565
92706
9567
9568
6709
9570
9571
9572
77378
9574
9575
8963
9577
9578
4443
9580
9581
9582
33256
9584
9585
15127
9587
9588
56639
9590
9591
9592
42188
9594
9595
50532
9597
9598
39206
9600
9601
9602
97033
9604
9605
57393
9607
9608
87303
9610
9611
9612
82869
9614
9615
1288
9617
9618
66582
9620
9621
9622
85074
9624
9625
32708
9627
9628
95992
9630
9631
9632
42075
9634
9635
91812
9637
9638
79725
9640
9641
9642
43785
9644
9645
52747
9647
9648
73104
9650
9651
9652
19866
9654
9655
40460
9657
9658
98279
9660
9661
9662
70641
9664
9665
34564
9667
9668
6492
9670
9671
9672
18129
9674
9675
25476
9677
9678
41643
9680
9681
9682
4014
9684
9685
81197
9687
9688
31623
9690
9691
9692
12941
9694
9695
53793
9697
9698
89424
9700
9701
9702
42785
9704
9705
79291
9707
9708
51254
9710
9711
9712
35159
9714
9715
90330
9717
9718
89747
9720
9721
9722
14650
9724
9725
41945
9727
9728
14782
9730
9731
9732
98584
9734
9735
82230
9737
9738
23383
9740
9741
9742
94921
9744
9745
54198
9747
9748
98977
9750
9751
9752
55031
9754
9755
14931
9757
9758
88296
9760
9761
9762
68289
9764
9765
7258
9767
9768
8380
9770
9771
9772
33274
9774
9775
37791
9777
9778
65377
9780
9781
9782
52125
9784
9785
20714
9787
9788
43777
9790
9791
9792
57414
9794
9795
38866
9797
9798
83602
9800
9801
9802
32629
9804
9805
93042
9807
9808
58485
9810
9811
9812
86607
9814
9815
14863
9817
9818
74146
9820
9821
9822
79771
9824
9825
63747
9827
9828
34719
9830
9831
9832
82687
9834
9835
38297
9837
9838
61688
9840
9841
9842
21010
9844
9845
87477
9847
9848
48851
9850
9851
9852
11882
9854
9855
33020
9857
9858
11464
9860
9861
9862
97373
9864
9865
94854
9867
9868
33533
9870
9871
9872
51163
9874
9875
56578
9877
9878
27953
9880
9881
9882
66990
9884
9885
80770
9887
9888
24135
9890
9891
9892
93595
9894
9895
17399
9897
9898
11916
9900
9901
9902
68037
9904
9905
87358
9907
9908
42873
9910
9911
9912
63662
9914
9915
73148
9917
9918
70732
9920
9921
9922
7501
9924
9925
88186
9927
9928
51036
9930
9931
9932
85215
9934
9935
75436
9937
9938
10123
9940
9941
9942
6485
9944
9945
12600
9947
9948
52294
9950
9951
9952
5017
9954
9955
23573
9957
9958
23443
9960
9961
9962
4800
9964
9965
62630
9967
9968
59419
9970
9971
9972
19
9974
9975
98193
9977
9978
72582
9980
9981
9982
27329
9984
9985
39584
9987
9988
65484
9990
9991
9992
51233
9994
9995
67759
9997
9998
58969
