1264259668
286229945
239938401
127279933
1134436463
1917925158
546459187
510727909
2015405554
2077483069
1046205562
97867930
706245128
1050407224
1255737516
584143863
2123245946
20042156
259859481
1137864383
2104360750
1572289622
197548905
1141223437
348313412
1291525744
1559254859
347731405
114663270
1445317416
306679993
1083654644
509972857
283007621
626488983
1225714426
1522033490
1962254833
1731807505
1930363289
278471452
395117254
488283471
921278571
2063149227
1761915496
1947447377
922191108
922310454
1881409903
682962391
1324341759
1972978745
1702056083
1455738654
1189134805
1538283329
1993529589
1151970203
556750103
1224079162
606589535
103265220
1777471753
1296266737
871097950
333655017
1729032662
1206974104
2029274036
617427516
86392101
470914875
878106876
470015892
1980507751
1647211734
246040729
925965717
1623139981
6303831
529782267
344916581
676494570
501289686
338058743
1104749665
1225476292
1117878663
1022199798
2066140680
1533042991
885182541
1720582039
521771770
1891715442
914679196
1435106122
189020762
1235074779
1538044836
598290050
1526141175
1007872535
2026274918
94124934
1944739143
1789422715
892520850
970637470
944559647
2002962297
474124518
1577529224
1704761245
358515741
1623319113
811482653
2101917581
220652558
740834326
1692337093
1818124678
1541467849
736686027
647748093
1839883139
534765245
348194489
754342129
624290393
235460217
1096997666
1080761790
2000843572
1679565332
997469404
1028959675
822003323
600444790
915784499
965066989
87119194
1644620876
330786857
38318360
563856401
15386679
1763858760
2052327530
813791848
84654189
2034553578
1700853552
1572475184
1156929243
180801046
118236552
2077138864
2113132033
1951906172
933686774
767566022
1735754733
1847005980
1745326315
158577471
862541362
444666526
1172982178
1156045294
1144748845
1839013288
109803455
95827909
1837291819
1016953169
1140603730
791147599
523701117
1157177476
238456578
796520791
593220607
1232408409
618284602
921818519
758083819
625976682
835035256
2072266299
306011230
1638850850
416964799
644165538
481573970
872716326
1390018697
525984715
1893186252
1935
5405
3235
3812
8188
1331
2459
8851
3863
2178
4614
9537
175
7816
8036
5794
5109
5713
8354
6364
1470
1095
7789
1977
9533
4560
3206
3786
3060
2372
989
4025
7560
6024
583
3437
4150
5964
6322
5456
6116
3538
3314
7629
2385
2513
125
1859
412
8947
1979
4025
2170
1234
2458
7560
2281
507
3255
9702
9760
8924
352
7205
3808
6149
2319
4693
5856
248
1253
9412
7781
8206
4393
1491
8746
1028
4718
5168
9191
1470
8476
2019
5456
2616
9533
8098
6421
7405
4474
946
3845
8270
3552
8528
6498
341
7038
8000
3496
80
811
6828
2065
9896
9537
4474
6730
6998
7422
1941
5701
8888
8275
5713
6248
3686
39
6145
4164
1503
200
8258
6696
4560
4614
3756
2448
7037
6364
1333
341
3552
7033
1846
3863
5946
2644
1067
5964
2011
4115
1370
1973
7789
9474
4567
9973
1972
964
8275
1935
2066
1253
8072
1972
6768
958
3060
8568
6367
6134
2391
4407
6116
973
7546
5230
5564
3971
9786
1900
2458
7897
892
8717
9293
4734
8417
4099
1441
7351
1441
3133
3113
8746
412
4693
9707
3133
1370
7281
3120
39
1706
504
8000
9989
8098
6289
3616
8069
3437
5778
8235
6768
8238
1803
2459
7781
5598
8716
4247
9542
2391
3808
9257
6736
8245
583
55
546
4974
7320
974
796
4885
6145
440
3810
1979
3626
1942
1577
310
36
1973
6722
3538
9452
1028
1139
5764
2866
4367
6730
7281
2153
7347
8705
3552
3739
9899
7912
185
6609
964
36
4233
3113
1525
4911
6542
6248
8174
2987
2964
3729
8905
6134
3482
2065
8142
5084
1847
4567
975
3305
3120
5201
1942
4734
5564
1946
8354
973
1496
796
9786
3445
3810
9707
4233
9989
3092
2644
802
6800
2369
7488
3305
9
4463
3010
253
2933
3290
8134
6766
5519
7365
8142
9293
2173
6289
819
1946
2317
1706
7978
9912
5701
8485
8000
5866
7169
253
9542
8101
9722
6916
5553
5912
2173
8081
1144
1496
2933
8206
4164
6159
9672
8974
8245
2281
4885
8235
1229
6236
7020
5553
5764
8670
7604
9183
8705
3592
9337
8705
5946
3971
9685
1139
5329
958
4247
8417
6149
4102
9191
8670
802
2448
8969
1260
3756
2066
7912
8905
7806
5201
1847
2644
5686
7518
9760
1491
1503
3235
974
9859
1427
8485
6766
200
5519
8081
3592
1900
4718
2160
4367
4393
3496
7308
5856
1095
8238
7787
9912
1723
9133
3147
8831
811
9408
7168
7488
1333
440
2317
6828
4115
5412
7351
7407
7347
2145
2513
5712
9859
7518
3767
5230
5686
2616
3863
819
5329
946
5062
8069
1234
1260
5002
9133
1331
821
6722
3889
4941
4393
1878
7205
5598
9183
6060
1878
8528
9973
9399
1803
2866
2513
4186
1427
975
1892
4164
3140
7488
3616
1716
1892
5912
9542
4552
6189
253
1144
4186
5563
6021
9702
8495
55
5818
6421
5084
3060
5712
8036
1785
8083
8307
7347
6916
8072
8134
9191
1067
6060
7119
7897
1723
2145
310
1716
6498
1480
3381
1859
8716
7037
8307
9337
1541
310
7629
2019
6736
2153
2369
3085
3445
6542
5006
1480
3767
7020
3206
1785
4899
6282
1973
8188
821
8354
6236
6800
9899
3812
728
9722
7033
2691
5849
6696
7604
4899
4974
8974
5713
9452
5866
185
6766
3010
8476
7546
546
5751
7376
1577
3729
125
6367
36
248
2987
8610
5256
7316
4407
4941
7365
7455
9257
3314
8258
8098
892
8270
1941
7405
7422
2160
5002
4393
7455
6758
2011
9685
2372
9672
3092
8971
1525
5062
6021
802
8495
6189
2319
7339
6282
5168
3889
9408
7978
3686
7119
7787
8717
6024
4911
352
9090
2170
3140
6298
80
1977
7816
5794
6530
5563
2178
352
9450
7386
9474
9450
989
9912
6159
9896
5849
3255
4099
5109
6298
504
5405
7386
6609
9038
5778
1229
5751
1846
3147
4463
5256
8174
6998
9412
8101
2011
4560
8851
8947
4552
7407
3729
3290
4150
6530
5384
7339
8888
7038
9
4102
5412
1996
7316
9707
8969
8083
7787
1541
8568
7320
3786
6322
892
7168
3080
7037
7806
175
8610
5849
9038
9896
3080
1260
507
5818
9090
5384
728
6758
3786
5006
3381
3739
7169
3085
1996
2964
8971
3756
2691
8924
3845
3482
9399
7308
7376
3626
8831
2385
0
0
0
0
0
0
0
0
0
0
0
0
0
0
0
0
0
0
0
0
0
0
0
0
0
0
0
0
0
0
0
0
0
0
0
0
0
0
0
0
0
0
0
0
0
0
0
0
0
0
0
0
0
0
0
0
0
0
0
0
0
0
0
0
0
0
0
0
0
0
0
0
0
0
0
