1868177254
1687820159
249923474
322755420
1081132940
618253055
1437342653
1828556007
1075400693
620291656
1245308386
384822607
1454300320
571869577
1669017481
1842846853
787316163
65688686
1463099608
917008460
741995094
520254550
1944673587
1286403516
817416084
1693661208
626741218
1090628686
1796508140
1908913180
642989030
84122332
133592302
861889471
370087097
2033951622
1999969908
568190943
1251508321
1917510519
1020377323
1970175350
1562528493
1983587446
791844396
976181832
1243817512
839978633
1571257274
1430252264
1804089752
627877631
1323439490
697163295
1755489357
1526629577
941981558
1289297733
387078963
20763937
486398897
158314580
1368248649
1548763003
1607917874
301165808
1541082532
1631781028
231984405
602392666
314847996
1031230752
1973285391
310371330
311085842
1842766339
929789269
152281912
1348104478
137896900
1763053341
1980852332
515276478
1838070360
1070479610
1686770826
858241558
1217386363
424330977
946162761
233376319
1152015324
1770996309
160904280
685995121
330922573
794084329
1492376063
550735098
1766089161
1147007616
645683297
728734969
105465776
1084475439
893042513
2046905766
1685437365
653281127
1025720641
1162780995
654378775
1448596025
2048451431
1473709800
2051449732
1801193873
497508992
524437154
1591905067
261223088
519061880
1683709555
1316603977
1284990941
925210834
745228749
343590115
2145390701
1846826932
174202679
2068259059
1323069015
1784588376
1083906335
985738060
1142918047
1183401673
1321893684
1438458000
311791447
441129369
1357500599
446754034
2110112119
156658407
473231321
1549534799
1942439347
757135568
2018861342
696522905
1615092014
132751114
674717601
1127251826
607612855
1660005634
552839169
8102731
1459816082
661834264
270405995
988889972
365840754
1852176062
654517254
559973941
1302030108
1656319191
78412135
887248076
1364784152
1414144845
598422106
2023228844
1010090132
68317135
1741470029
326524329
1465225199
522322124
1955197323
1560408948
1310838826
1828753117
1794659982
1300495983
1551789248
1826713779
2039627489
1827507732
1877986337
1609382213
1661120294
2009744820
372481513
274602117
967226000
2055996962
1237454472
687880686
1858332840
1637042719
892218066
1750782973
150306216
126865466
174776317
1491982333
1663526635
1040080333
1561153670
712776688
2046977169
1572954544
1726516351
326843701
1035825894
1315641495
1395482691
351316618
1498760683
2131463420
302179721
1185478181
1116916629
1961215393
101451080
260242825
41548453
142958278
1131262274
1761977066
1044156877
1880186782
829507266
1649089628
1403486469
658099802
748875712
1689925678
1036930998
1106227393
783763891
813093779
290213197
590615433
545904608
1586351980
711351834
324966501
1149365245
1278801309
722611831
539203959
1096194395
1493927355
1959358431
1094667515
752952140
217315890
1325579544
1260234941
177699789
1733114228
93365310
1409237529
942792296
2024625593
2133551145
1777559834
1762883305
1114161885
1518978694
1284168747
316376043
694260734
1272007984
405869841
672532331
868818537
1766595564
1619668976
55668325
1493209447
2044477105
132514381
1330668293
21347734
1213143894
896989928
682252529
957000800
2117178962
161950875
1558861766
1320462484
266508906
712324842
1925902556
292293406
1086528877
1686564406
653344051
1630288829
2030574575
739103653
906014243
1190109861
2077584886
905839262
1263105626
930739862
533372490
523067314
1260686665
1646353642
459181368
1916227465
250125501
1852996966
969041836
843357437
1701338934
474468051
551409951
30451501
988275364
2094511747
1911190934
1257757564
1437222891
1855939745
1310963720
727924216
1400550226
792450467
248217822
361948778
2028003297
434422176
1197750091
1151898746
13852915
202955111
1609515161
1530958577
1569086350
1160716792
1421469296
1112953870
1692040993
1264972059
1579819674
1499780739
744068728
1991617419
974693090
691970464
2060607498
110002989
1516701833
1873078738
2028797698
692121056
418058940
998191774
1449633862
282879395
1008305491
830443594
1473217024
483007330
727978914
1009902087
1849451355
319553733
778716551
1538384828
1096832864
622153313
1206618876
625438820
868141469
1133143583
1170525904
1346725994
942056004
1208438011
2088271245
920286529
1068559093
415176611
1450814728
926089769
352371617
1551494360
44236832
1532979528
889739008
779411224
1518246181
1007885015
1890401747
1377634425
1496591243
1886006411
1376264288
135709161
547799939
1321468011
1058974545
1380544569
434823875
948072106
1084258139
759064023
924339249
1792505855
1350768498
1238885772
1264529398
953112242
37284714
1537494428
1831246429
292133268
261897118
1843666900
1977212189
1851931681
411022647
974495584
1975688782
1990754996
1320255249
1161025045
863260301
1347967350
152346167
1546166879
2034727616
2015160623
1535678315
1058569656
1007600023
1489785093
751113231
1168736849
642612396
981524874
1059059210
1763019776
379824297
2000387165
1440225433
867857926
1669798956
1462218141
1541536189
1504889238
887813458
1646072179
742993616
1152650323
1796368575
849447824
835757677
300828500
2050266449
2081083358
1865185974
1068868002
1779287216
758260252
1214092934
1318733189
601420580
304093684
603981671
1014733956
962767925
893660533
949240059
866949899
941008365
797293745
1434839264
955409895
1735213280
260962674
1705980025
638208869
230575732
725377611
1400187077
1089346548
582389920
2111752984
951134777
1445698665
1142833659
661079776
1038964890
1306183732
1717105593
277142413
1939286258
346624519
365086413
1291273045
772762407
1754337876
1231096888
886794596
9201876
1916567980
904554315
627157228
37946237
1604519992
687088201
572152618
89501315
1737430416
392119751
1544669356
844359906
550311383
1352232533
1586907084
1091586623
2136203461
426713219
728187618
1954694886
1394435103
2145358002
1628077383
1608887687
862059675
1116046072
585938415
1032173765
662433658
1111898445
2000688672
1752306381
486731562
857778421
563789228
1830242403
1792296759
282487333
886919970
232593525
960699289
1677604648
2012045313
1170165055
129500681
429637739
901384097
801535672
1622972214
1420141697
1326585486
982543480
865329491
32279021
433278435
2076622675
353891491
1288665706
1445360439
1924393490
1601637947
1552412587
908276158
1779964852
1154154525
968762141
150249452
2108227545
1433143456
1545965756
1402765242
1869164255
2036916223
674100054
24805601
1077396606
295319834
1688297433
41410123
2066282223
524189696
712946445
1226818385
1172094193
1481043069
1344639306
168444202
693328064
1883291704
911935429
407884570
815037349
1051413799
344977209
5492713
1919057607
1113101820
965574462
532152547
770138986
1622539341
327456020
1776577390
352659073
1755287980
400904728
673737047
888077027
1226687725
1666633656
1908107925
442427320
2078368616
1638276358
929285810
1019350052
1705701751
208108790
1956592390
990547452
640160877
143743955
369441487
2070428806
176096383
542556319
399882467
1691649865
568900702
413067317
1848543777
175252312
341410726
1620352952
364039508
1251976206
882815326
484216141
599134642
383387938
1229339560
782210662
933599275
1151156873
1262546516
1032460644
2093679299
1184175207
2087826603
1071829911
1650147681
1851008664
2145374036
2080319863
1083650845
937953715
1611059623
1645420387
237313633
380576647
1652473954
1702358343
1853229272
1982960688
1090677459
1699737459
856074119
2065879743
1460480879
1035251982
1248937265
49660689
79214596
232452139
88917280
142387453
1508327515
1447408696
1973218916
920868752
1577406810
729245787
168936642
743905748
133081928
1169062065
1418112546
1848145614
2121867076
2055937849
1324088237
1513013165
1145213464
844016222
360341791
472328287
59859208
1387689348
1346895180
1384060248
1075112539
182077215
634642881
211212794
1355316763
1434485227
1100724407
523384273
1825133185
1420749591
1917594077
1240173487
928848670
1970356075
293028281
1565663843
307452809
322955963
800045478
1458536144
16531195
668396865
593111256
953618670
402755065
2115722535
1964953504
911174816
1694989021
1541273639
826443197
1515818318
37009214
1527435850
832137609
1971190572
1720339374
1047853273
1509365167
462139960
16668505
1341498656
1320179951
544474082
1079444906
299212735
738133277
1716248782
1282900865
1034827000
946584731
1197281901
133195005
404785862
479809941
1518507441
2029202556
1959906952
694728715
1968744501
1190142480
919747662
1999633912
1892964910
1076416964
573170924
1096698586
146420068
731700682
2047032747
1591035500
717951311
1159499297
1906654992
236874800
602455096
64293517
411930593
252279413
943324062
1918523191
1392453552
172367678
96764592
2140962323
375664556
1782909228
612644744
1192820438
2116202525
115270357
907215688
1794605227
389450842
2121168522
1195876473
2006422763
362868287
304152126
624059503
1585844338
1931286704
1132045978
1684727136
375256669
614600485
62959345
1768581686
1697037116
1960863122
1318955560
2000896593
1253634712
764541643
516479229
1079348216
1416651842
82007377
729563529
1727272906
1574409798
2093537008
1744151352
320475149
1291720691
819808139
589015605
595688008
480116305
1593979596
1959086839
590195109
1056121425
361203716
134477650
551981333
1073827344
1293451074
1735427882
708896730
1867530782
1163475353
467986490
1578520608
1319954605
81718450
532134273
1821746612
857431529
711400340
342024250
646662685
1091706740
807906955
276084651
952468474
17787096
299527066
417120335
52454492
1459475263
2071077315
2107035177
5187122
1633801477
1429126026
1989543291
894226587
866229462
781504379
1769027490
1736708083
707623188
1609788905
333839499
1235735398
1188894489
1421968247
1892499638
119301931
1970720129
117048608
1724846184
1463204314
1489739707
1437055283
936114514
1075043262
207646901
562160195
210503130
1136277348
755666292
610419827
854748479
291027491
743592989
1199046346
520966972
109842136
20338733
1264994832
1649777626
237783205
303829079
1577112587
1849903405
465585751
670356971
156722974
1612458556
228386461
81946743
598379587
156679738
1805723233
1148435075
584492562
458124247
219345771
759017200
1715316557
502125507
1155851173
1570238323
1921089941
264710011
1446295631
348703970
636366453
214474351
472935585
916271330
646981348
1534127275
1587638842
1668337764
1052186619
1676030212
326997443
862399367
1614941447
868630589
1550718533
1323987241
1170605979
504306544
1909491114
293656811
1947899639
1368669762
1572417667
1586571269
2038567816
2083968527
1178826065
414999717
1549632911
2114311549
1977158362
1051566575
1345328386
378295456
1570612216
322902625
1867686804
759434343
1344433831
2124173887
89170149
526463375
1442765221
630084266
1473073882
469445066
2060233645
563339461
35002776
753511868
474354647
348303047
1887308444
1074020292
100674719
907765142
1464710559
1033949390
1739332501
831259919
1489322819
2034577202
670438638
1710097691
1095806316
1205027878
343386186
256680300
1290878471
1923314090
1369207625
1739096879
2145930209
1436353384
653764982
1241550042
1874090390
852686433
836859095
506142813
995571854
1412192100
1361305669
1008494331
1964997271
1555623314
224416642
893082064
187918456
1701186084
601311661
594600518
1843087167
454707521
167155413
389172170
876368649
1858480257
1531189261
739442162
810161765
746908329
839792826
1834341037
1107860052
1719109032
1763930063
353722635
1206338496
2079125290
1792337091
1938259542
1387495241
191115932
1318076870
160320058
721188591
932400749
697878915
1126942930
800625832
1083036051
2008258235
1345099499
1220482919
1729835792
1778782627
1958156953
841929385
19562645
880265316
687194038
1199375428
1869934161
403173545
945361257
1207139514
326997805
914625663
1414880800
528299357
636507698
779364493
929221675
1474716621
262092742
1142957738
541650796
128920557
1009782270
1884118321
677062466
1666951605
258154187
1024323298
101786452
2145933644
751098958
1955298276
1599243652
2019886290
504838875
1859849548
1524909269
896627093
1732688553
1447292618
308108594
1522454555
1260474390
1217900680
1906903495
1902272464
379990112
752506023
1843496090
132448488
2145406450
1415797178
1056955777
1022961539
2017703747
1521196249
1814255886
194172696
1434546030
1172389871
1235139726
473096103
675483480
952745665
1194363673
1892100753
539315857
297004152
1237118469
1986593176
101620835
1742662928
444507784
1285327324
835313421
1242640869
580635957
985636590
1373971465
139096982
363626143
1873015131
1553098739
151076477
1613696366
406437256
2021299115
810940351
1699790411
38764486
1390979385
1425401519
449842511
431276180
301056227
1388103099
1662776537
99802793
1625318992
1152443309
803673632
1441715906
1547973112
1567971901
1993192477
1957645364
1176819963
863979672
629463080
1296357215
1142951338
618099993
212962339
2115100441
1172682511
287247876
2086585763
605065497
519259116
1054273645
868733186
1145022318
1246055045
199634527
1702980453
737539025
1560625007
1362345766
1223482038
1928740563
1428952108
1787468443
920045378
1782842805
1054877514
1771234990
1500224707
1407607479
1521871198
2009739292
1633990333
1652333018
11618075
1275703991
412622662
84482982
10571230
1001601637
182355274
569275513
26441101
28593802
1234489110
1306495039
1333452926
1162862381
1494413776
1671571693
1781475600
951867101
1744275879
1540861916
2071088083
1570604662
1381827858
1140291061
1599873644
1250251958
799516541
50440617
2005215136
1421074826
925590488
1050344680
1249714195
1598289310
2136982831
657480605
46638458
306561117
476482417
861745488
296829467
1253961704
1942170394
1036933104
868192703
44483765
1992591499
1731209267
95030677
367544948
1346702854
1618596210
1204256656
836760535
1942105259
829179394
2060488136
513824915
1302974511
726255259
1330766337
826615108
1532163137
1268220440
393343902
911733839
2110997088
1534483220
1153484268
467046938
675551140
1030904390
1295998492
1349607466
852413459
604703964
2144723376
248429835
174840024
1928962160
1050944059
1773707950
844937758
839361083
2064523930
1725887469
1611640326
499541878
778830710
2032751579
1965631294
1683874918
262024045
1806450358
7925917
160527565
1393304416
1808227695
1311332210
2050589993
2056986952
1602792831
1880124577
1468653836
819837566
384296392
441160085
792032920
234069181
585948823
1781295360
1696808963
2051222946
1072335298
1765561235
844443382
299409625
706257627
732204704
939234010
1173070315
1067440881
602843744
1720003929
98131053
1389630794
1602264924
1892267749
1965993387
1268390762
545834672
639349234
965407535
708245939
1203952480
149124715
1680914594
95991610
1750315445
1816180100
479962732
857830495
1721603972
1965931756
1803363720
881980460
2042612795
669998616
564727030
263673053
1748928868
1716316773
740762254
392123175
435865286
1708606218
1423333838
1305980332
103492088
1684888894
1134499711
456038548
1494934567
1774911813
1071330720
506459721
1986424911
593002210
1162244689
402969146
1864928116
1821612942
4906597
1110028777
1662842371
1818599458
259086047
1855571437
1372949632
810801692
1930534717
167952006
736566642
1931668440
2142856907
420314099
1385384568
904523215
757517412
1121534765
1177974420
1861710431
306489984
873866887
578244075
1184523168
480256517
1819141652
1181109901
739767817
1129264155
473278955
427218272
196610786
1529795380
86559216
872970400
760505938
159582082
764416037
1202624097
363718504
165915373
2132248582
1391388508
1532452687
500205253
744490363
1999706191
1837607155
722400160
781625714
38895791
1958626776
1173362109
66870966
1054057922
1326289537
1467783595
712934894
647975385
2047177005
509110338
385229956
1748658200
2144346955
1618048561
514826499
1046363237
1929531009
185634904
1929881721
2069905647
206580754
1472873353
1274798332
36809510
292880039
738109628
894765129
518431805
206332219
508813206
1634159577
602469975
2028848002
1838179299
491416758
122940970
218064478
1472569382
1870268044
2094926901
1291598708
1931076127
494833758
104509981
1936654667
35498974
657831595
1491818715
312647630
1035515137
1909499961
1259215808
2077820996
1209844367
1448883786
341790523
1702364639
1470354629
929663940
168649810
887567981
152770523
1238480556
1721001007
1306135466
1536526989
918933186
2097400312
766465030
1032487600
284623820
1092394057
440914709
1290337295
1355541537
2127136424
137146734
506092615
1627093579
1536513073
1771007452
2129207094
627894739
970357761
878149185
2135180789
1256424098
1332663336
2005608983
1789216192
1676921196
1154871552
1474761194
402102115
537280001
1951235230
565384749
1124270143
350864795
2004773921
1889118146
2058845582
1249736966
125282122
1304704726
1397977092
1146910789
1079683179
1618066639
1861136911
1699425519
1911940620
1657838701
267780240
838453701
1608739226
570679162
980118520
425851982
1948334600
312724000
796432615
1521687976
413277050
627110835
1244534270
578608500
1102403743
928597626
187972570
1517351311
287146053
1900899756
1888027632
54121626
1381313289
647701099
89868451
1285725044
1018487831
591702393
1468513325
1132919473
8065394
1383547977
1684322056
94739290
145712278
1607475638
948234295
1037117834
1407257758
1551892908
424694487
958484649
1717764459
1585438047
1214868971
230717565
1092651928
2128395475
1527371963
950003608
397442476
1214740647
1953297224
1645594265
1843799718
1267761160
1599656399
1053120225
989281533
856117410
792027922
1464359871
76744850
1316857297
1584042408
1425709813
1438454659
1417760614
1783677184
1463775037
417951331
538631956
466778185
910491159
1539503084
748035326
559382893
326968517
1876259988
450268223
1531875198
2080043488
944354420
2003569907
833071828
1657258718
595147271
388895501
1091480277
655883093
914875492
800255349
555906249
239399046
641963953
857141892
276750722
503456121
1505263377
2081237287
1169967837
1944604037
917719636
1074079370
580748503
1101470332
1670110575
1023891075
413345054
562292105
1869659293
361888368
188015404
2026813367
1834478756
199986234
27152790
2053509609
223344617
1266438513
362663568
274337508
489229827
653767709
344879647
114992754
933469404
889373007
995745982
1347526305
1105444911
2122838394
1283716920
1545002253
590790193
397583138
652455535
1341399657
590882527
160999254
1650364935
1905693493
1987116659
1913167366
413227830
1695242152
1544101361
1783407662
464140754
217455435
936577909
219101798
2112579327
2083826239
1181955569
482881585
569463382
589754781
13035244
1231748526
1944612976
1221078312
975221715
1869478986
1967811437
2020294523
475043192
45102663
1963688474
1535433481
1471592225
1342093856
423214386
531528792
136570165
832303088
1886644116
993892771
516074834
331504022
506047342
1277912028
270588577
895091732
1169547291
219259711
547703405
617170264
1547173859
704701764
1141728728
1230515182
974882513
1806818072
392733926
1190903568
1732034210
1660180676
710431838
1669815763
771919300
1977176808
1804066635
484097779
1257799201
1149922778
794444975
702843995
2047430606
461933770
190582693
793218893
1161483163
1471840284
1723895768
15637775
525514097
1754847921
1738760244
1444502827
1877869847
1696487360
1626243925
444111112
1671397513
274894871
928141600
305218716
70570641
1255288339
1632614081
1791233691
1483031311
2079347093
1850769792
976723761
1771094672
87645861
634083420
1251157603
1622576931
419116221
1386683171
562459974
4956873
493342142
640291110
616079866
26673124
1591384158
188124138
917616892
949120891
733690134
1122991961
1566484951
425954912
1309552120
879302023
1623764023
1679456015
524090476
1728588577
1012588871
1361718544
1404645613
1653338173
663586394
1825394007
1412728281
1320630792
2008641347
903743091
1047101470
2087023510
698465042
609483244
642928805
1515407279
2019695824
758734593
80787249
976896314
1842646370
1455739054
580913647
327405414
1228241389
123350554
1012013500
1310844041
1041270852
983731784
632071238
1547225056
1141025889
2052023223
1315268139
1142696135
1212221581
527108370
1205620747
252885423
348555895
1329225025
1511957094
212941046
200490095
1992009339
1897351191
819543455
1422365495
481382789
419872709
911280252
615776779
772057402
984393965
1432372173
1134208466
264898599
1375460751
811465058
590136484
389965334
216140229
1900992902
667044916
1718863405
653539968
563646279
226947513
2008384357
1105001758
1270290847
1380048784
187804449
983937474
68824330
828500927
1576833216
1505716696
1816473146
1590142957
1085998973
1303707984
1441121406
948136574
1245597049
433650204
894637798
1504824974
1939182791
565375144
1410657007
1267342422
1691764819
1220325520
434282333
832692494
911879162
1080250689
142371626
1514563472
197566321
460172582
465590098
1331516035
1252194716
1821350214
2014212656
2017936144
399630515
1807264162
283730221
1248436507
1689315670
1561809685
1969565204
907574276
659246420
369628970
671059810
1824653911
1599836004
1110537916
2088857433
112608633
579113061
384891225
616038709
750205869
687527666
603908778
1464355417
915653947
1953451188
1035636252
303382719
1244266134
1231292751
432046467
837534267
1865758392
612492857
1844632821
2133735473
447658736
2053728468
1864650970
644876271
1294824849
611436395
2025252397
401594400
1035481278
2070193722
167606162
1502457353
453312926
103265730
2126261667
1674277657
491514166
1261004993
1856148643
1385787746
1645783530
638273040
2038904327
1236518881
1961308250
436547511
177892945
821845642
1808533225
1472538777
871073316
500008131
2064250455
575098400
1584572505
1792138154
545956969
166990918
577794078
728128188
1700060008
588043128
7704
499
7173
3816
4667
5792
298
574
5368
4532
6247
718
5269
8441
9625
1984
7149
3308
2767
9249
8407
1171
1241
7623
3879
3954
361
7334
3444
3636
9500
927
9731
6893
6545
7100
420
5819
6599
1815
9731
2568
4167
3910
3887
3446
6224
9357
2157
6248
5553
4273
5595
7570
8644
3799
151
2150
9940
3805
82
5743
3567
4895
4813
8230
5813
6967
1688
4453
7821
316
8392
7649
2517
3258
3681
8792
7098
6430
959
2819
7623
3686
5856
2410
2439
3602
6775
7217
5225
8192
4849
1444
345
8320
1022
1736
9835
6211
7645
7570
3669
9467
5233
8210
4364
1654
4872
5708
5508
8094
7651
2341
2639
3794
9109
4994
1250
8455
4081
2621
7931
108
5591
718
6388
5079
4640
1738
2287
6870
7614
4618
5878
3818
7860
5786
2640
4869
3970
6029
82
3387
5604
7589
4895
7931
275
4534
9128
3002
7547
2836
3749
291
2291
4371
6139
367
1071
7854
1308
3413
2542
321
553
769
9334
9255
4517
7702
1836
6534
9687
3558
8516
8352
8757
9119
6036
8564
9973
6679
1611
1164
7657
3492
3667
2339
9585
6725
3992
9412
6788
8911
5729
7334
6373
7654
2991
1948
9180
3728
2219
3512
7158
4927
2712
5744
9389
8688
9559
2375
8542
8400
7090
9480
5689
1623
3920
739
9204
3607
4619
4422
1323
3318
556
3729
1029
5401
2796
7421
8236
3227
2993
4973
7331
872
9196
5824
211
9922
5208
3112
3270
799
1404
4931
5652
1370
4894
4925
232
2136
4737
7774
6657
3488
893
295
2715
6352
2261
1348
499
3010
9979
5094
8855
2332
1438
528
4109
9806
6984
6440
3115
4698
8840
3656
2018
3230
9027
8067
3335
5025
5515
3231
2181
7926
978
1695
3027
8456
9545
775
9538
8911
9078
6211
3056
237
7589
146
6224
4929
3064
8094
7033
1011
2614
5472
2287
8282
1151
6928
9973
2175
9947
8833
302
2999
302
724
3512
3802
9981
7535
9354
6986
9724
1317
2409
487
8552
4765
5365
1446
9141
1430
676
4287
5000
6986
7610
9649
7219
4643
4737
2928
4942
2121
3002
7224
2435
8347
6307
4820
9732
874
3722
9195
7148
7778
930
9041
953
9538
9623
7098
2003
3941
8615
9159
1320
1950
5967
1845
4015
2972
3461
1370
708
1739
9410
3612
1992
704
3618
1359
5857
4455
486
5234
8946
5144
1342
2436
456
9470
6756
1025
5017
8041
816
183
2012
6404
8645
8935
5394
9806
601
3828
1169
7903
6946
588
571
891
3128
9453
3567
7596
9839
2790
1283
6472
2724
4088
8185
1119
4560
8854
1935
9054
6612
4195
2775
6412
2702
410
4701
9408
8535
110
7877
6778
8253
9750
9528
7014
7540
313
2072
5782
7231
5595
278
4029
540
6938
7805
8388
2112
1029
5543
3258
1919
6315
7566
589
7488
9845
1543
9929
2967
3636
6568
8316
7600
2345
5003
1487
2036
8720
6099
1599
4109
9979
1320
542
155
6072
7286
5330
9963
2719
5053
9190
9194
4082
4562
3345
3231
5144
7317
7888
3958
8735
6861
3028
1204
9382
5313
8225
143
7600
2683
5587
6818
6195
264
1818
5652
3227
6
1067
8648
4503
3232
2707
9326
8428
9538
2227
6067
289
713
9976
2261
5023
6214
9058
9713
1240
6027
8069
3386
6318
4273
2816
6665
140
940
6622
2801
9078
1861
2086
7671
6011
9766
1351
639
218
2389
2348
6533
9124
8055
1284
5912
892
8668
1068
8245
5772
4354
3751
1748
3787
6561
1789
2798
7005
4458
4787
9967
1326
7758
780
9238
1890
3656
311
6977
8967
7225
5102
3440
2455
8607
5774
1333
921
6792
5189
4204
4701
5352
3858
7557
9408
4565
547
6487
9184
8324
5565
4839
9918
3677
3876
2193
2465
2567
2625
2818
1880
6001
8525
1740
5067
7505
3079
141
3028
5801
790
9141
3112
1756
3363
3880
22
7228
916
4850
208
4431
8178
4350
6217
5066
8752
5664
2976
3406
4663
7196
3047
2596
379
4601
992
7612
869
9282
8901
8052
6061
2599
1988
4406
4737
3356
6379
9856
6067
9552
9843
9376
7382
8513
5265
2596
1441
6785
5354
393
9807
4365
4925
176
97
7972
148
2715
7797
6389
2819
7286
8037
5976
3168
4765
3510
1246
3574
3823
5030
589
915
1778
5564
5042
6561
5327
3961
8355
6836
445
107
3395
8967
3945
977
6188
2488
8778
2599
9095
6876
2444
6273
3506
9643
7863
39
3126
2050
6565
8355
7458
8367
4476
2199
6374
2554
1067
3696
5703
8412
1445
8912
9238
8595
5416
9567
1318
4008
5777
689
1462
7639
5615
3536
1822
8177
3900
4869
4929
5096
1308
9204
6016
2976
8731
9528
8
2965
8706
5543
7223
6506
63
2617
1598
1267
7995
3695
1204
2176
9415
5672
5176
2439
137
5017
3604
4847
1452
189
840
1530
6751
2151
7577
4925
1313
9622
9899
289
6412
2309
5976
9688
5210
2809
264
8116
6150
3536
882
6928
3644
975
9225
3869
2513
2955
9749
5655
5540
4425
2966
6566
9311
1232
7008
5056
3602
731
5206
9844
873
9475
8868
1895
9643
2144
7758
264
9835
4923
9109
740
5591
1477
3387
1305
7610
3301
5728
9018
1775
1142
2341
9807
1656
3784
3647
2593
4455
4654
7149
6350
1490
7487
4082
3879
9190
6779
3589
9942
5618
2887
3296
1117
6782
2279
3893
4370
137
7970
1950
183
2326
8526
1042
2968
2859
3698
9222
5753
3497
9194
9699
1250
2901
1218
5455
9400
9567
3206
5751
724
6766
4979
8674
1147
5872
975
8994
2683
3980
2176
4182
9195
1988
5965
7223
5676
7881
4517
335
5408
7916
7776
641
6274
353
7830
7608
1861
1912
2513
5543
6208
6344
5644
7307
5137
5786
7621
8108
5314
769
4584
2868
783
8855
1672
6758
6048
487
4008
7926
6389
2185
6940
5569
6876
8978
6863
4221
5009
4787
9542
536
4156
6997
7112
9734
9402
8034
6448
7577
2696
9232
8455
9395
2420
6011
8906
78
8777
6564
8298
3767
7363
3126
342
9939
3634
2339
7074
2144
6608
9202
380
7373
9977
2845
5047
7185
7229
8388
7664
8400
8565
7409
4123
7920
3010
9435
7537
3817
9770
2269
9865
6627
76
3877
5475
689
666
8892
4417
1043
6337
2193
4195
2968
4104
3409
2077
7328
790
1822
8756
1637
2452
8693
7422
5055
3461
2639
9643
7819
9977
9399
2114
8610
2484
1743
8011
5849
8774
3488
2150
925
9865
4828
5391
1229
3827
6634
4121
9478
7846
5079
4318
9361
3094
5215
9027
8034
4621
7152
3732
5189
8542
7815
7849
5884
2331
7997
6401
6721
3707
6445
9970
7135
5539
853
9447
3687
7905
3829
7301
9835
7011
7846
1889
5618
7981
9481
3606
6987
5801
5061
7714
9601
5027
9405
6217
878
4306
9635
7423
3472
1026
2432
5169
4806
6585
298
7537
6023
2222
9559
2981
538
32
704
12
9635
6758
714
9551
9687
7805
6226
3609
5354
719
288
5661
6133
1445
3215
5003
1218
5866
5618
5999
7648
959
2637
7436
9967
8978
8738
3381
9918
3609
4912
4360
1660
6095
1626
5857
5965
1655
8772
8303
5246
808
5645
1790
3234
2630
1317
7181
6056
2138
7943
1675
6824
9443
2287
4300
4170
9645
6405
4905
7013
4300
9567
9980
8181
1871
6984
6899
6127
5799
7948
2552
4603
3656
2135
4511
5246
304
6238
8752
4106
1894
6737
6931
5428
4828
4365
6318
1810
8479
247
5477
4180
342
550
5477
3218
6099
5184
7474
1446
503
6696
7326
3364
5561
346
6952
6064
9195
2493
8249
7162
7850
5562
4417
6075
1130
3683
916
533
3137
7458
2972
3361
3118
542
9844
4696
7013
2078
5441
1202
5934
6048
8886
2967
9410
3988
7072
9199
6458
2927
5667
4142
8556
6048
1390
7465
1468
5426
1858
9710
9199
2262
4686
329
9257
1912
6591
7257
6329
3901
5814
8306
5326
4306
863
3589
1167
7194
6339
1080
2262
7113
4967
5265
676
3024
3643
2435
6527
6247
2891
699
1955
1379
828
1138
7288
4237
7849
5468
4453
7108
5852
3850
3659
8833
3298
7133
6409
9393
7888
2436
2403
529
8211
2813
4123
2285
2216
379
798
3075
2510
3990
3799
3047
7975
4408
124
9643
5185
1736
7750
2714
49
194
2039
5453
7849
2174
3591
7318
7081
3558
237
5819
5776
159
3574
5412
8765
4882
1514
5326
2208
6048
6585
6466
8394
105
9475
9911
2928
1626
9720
9498
7776
4436
5872
4106
6549
6820
6229
3071
128
3447
4096
6311
4167
2575
148
7335
9688
2780
8211
8390
1449
4472
9039
311
4878
9382
983
3705
7438
12
302
5947
3893
98
7077
2993
2338
9603
1240
3027
3230
6820
2050
5018
9970
3036
5763
9411
5859
2231
643
2059
3877
5410
3045
5678
6524
7519
4878
521
1840
6457
8372
908
4840
9120
2198
2528
8221
4476
5945
390
7135
2454
4526
6566
5756
5305
3764
3674
143
7519
6131
1393
3388
7982
7331
6612
8667
7100
7883
26
4371
6899
7514
5821
2098
5001
5485
6829
6045
3764
7269
9212
4931
1266
1272
5202
2484
2886
1405
2774
8702
2488
6754
662
7406
9596
5691
5215
3469
7743
8407
6726
6065
704
1318
544
3439
9363
8956
1063
809
460
6248
3050
2712
9981
3807
1889
5381
554
2263
2251
7905
3808
3503
3595
2581
2373
4643
6641
8337
4259
3389
2995
8417
2404
2056
164
7863
4336
7982
7256
107
6329
5965
9645
7258
1283
926
4436
9362
8568
9776
8805
2796
1229
4975
4875
795
2157
1688
8790
3395
3886
1937
9370
155
6683
6197
2517
1543
8688
6409
3005
3461
9603
5786
4212
7890
3767
460
5667
2724
7196
4431
4476
5104
711
2409
7090
6188
8853
6854
5215
1955
1859
5689
8428
9868
416
3850
3065
6751
3071
4377
3162
7920
5394
2859
6779
6020
9869
9466
3169
5852
1207
9007
1182
1033
8011
1417
2036
6915
3945
7104
9723
708
2150
4471
8396
926
6020
7457
1677
3726
6837
2274
9414
4247
7350
1029
4562
8840
972
7163
2677
8796
1752
8872
6247
1370
8915
5098
6556
4303
1844
9188
3667
4106
4528
7766
2107
2011
6318
1346
7194
5786
2552
9486
885
4420
9023
6534
6280
1359
881
9427
6017
8307
1611
7874
3879
3298
790
9329
1880
8686
8772
3007
9636
4082
3865
9705
2456
9992
8702
4746
3990
2077
905
1953
661
1565
9949
9467
326
9095
6953
4508
7148
9461
4296
740
9625
2078
6045
5551
3364
3222
9526
8163
5703
8307
6277
2542
9929
3873
6396
9669
7745
2019
2567
6135
3865
7460
7458
1974
5165
9749
857
4585
8126
7246
7610
6998
2947
7398
5235
231
4548
3215
8103
7781
6792
6639
1656
1295
6072
7317
9141
5889
7819
8211
8450
8646
3071
2918
8855
6019
892
1485
3247
1469
8876
990
1413
6312
6039
1974
2637
8668
1297
2025
2774
5661
5625
367
1241
3230
1489
9545
7487
2432
8897
3633
5399
9363
9574
7318
3901
3303
3558
6899
5604
76
756
956
1462
476
8354
9776
9249
3546
443
1380
4897
1184
393
8412
5910
521
2157
4895
189
5522
1636
5463
3808
4458
8674
6570
291
9750
1151
6331
4927
4714
7474
5169
8535
1182
6527
3218
7819
1503
2677
1285
3211
724
3710
720
2222
2677
2136
5691
4572
5085
6487
9585
330
1207
4556
870
5918
3809
6352
8082
3938
5044
8068
4929
9415
5373
7669
5770
380
5016
2000
7072
7337
4471
4246
8055
4534
8297
9655
467
3538
3444
7547
1326
6806
9467
3607
2274
1945
6645
3192
9090
2169
7976
1266
3998
1469
330
5539
3574
9395
7265
3388
1887
9054
6329
284
4572
1740
3613
9215
1939
8331
1373
4897
2477
8855
1310
8777
444
6665
9393
3200
6520
1311
6735
7750
7639
6779
6242
7173
5311
5104
9542
4421
3296
5331
5888
9686
2854
4689
4352
5967
7078
3618
7635
9732
5517
2488
9905
7871
390
9282
5411
6749
2253
6646
9556
1838
5084
8391
3805
9818
9039
9869
2115
4669
2018
1107
2513
6107
6401
4285
3595
4219
8083
1138
1092
5247
4618
1523
1570
7817
6950
9269
9228
8696
2059
6238
2097
2409
8103
7649
6060
2993
2078
9107
2919
1731
951
8217
4869
9383
299
6517
5416
3827
798
2519
7948
9971
2731
4618
9723
4813
6775
2813
7256
152
3998
8394
663
9453
1976
3722
1672
8944
7422
7024
9196
3007
6659
3860
6409
9655
9431
3162
5472
1984
7815
3887
5766
1875
1662
1071
6438
4180
206
5118
5053
1795
2253
6639
7929
2963
7856
2814
5940
155
7905
7778
9480
1213
7163
6021
2790
6056
7418
6931
3200
921
3414
6953
641
2884
1164
6892
8103
1489
9940
4556
834
140
2967
2943
836
1075
3363
7356
3439
8257
4689
601
5356
2231
2140
2039
4415
3234
7113
8253
7716
9136
6322
6867
4737
3139
94
2206
6719
2269
7669
2103
5770
1089
3656
6226
2477
7662
9836
3751
2814
8306
2598
9931
5561
2702
7812
55
4171
2519
5225
5866
1739
863
9981
2356
4802
9669
9202
8196
619
9180
8729
2599
6281
8189
6165
9138
2991
9809
3441
5508
3335
6534
6188
4894
7995
1638
7452
8441
5061
3823
6064
5464
9354
2833
1570
6883
8337
1144
8473
731
5652
9239
3977
5030
7298
6064
6987
8544
4816
5398
159
7436
2206
5767
2530
2279
8911
5805
3071
651
4481
5638
8807
835
3094
6561
9481
1821
6472
9922
3043
9086
5270
2303
3222
2003
6396
727
5185
3637
985
2735
8632
2395
5455
1462
7540
9235
9225
5685
8340
1485
6524
3698
2565
3413
6016
3880
323
6533
8456
5336
7990
1076
289
661
554
3946
5859
4962
2287
4052
3185
3283
5777
9038
6344
9250
9321
6208
2318
6578
4927
28
7328
2338
1147
2651
6490
5603
8644
5634
6737
5210
3920
7465
8027
7556
5931
6535
9724
9649
141
5428
881
7331
2774
5023
6280
7152
2711
1527
4846
1743
788
1929
8632
4182
5711
6240
329
8542
6225
863
3739
3672
6843
4872
6184
8083
275
8224
6595
3876
9461
4601
5017
8853
2468
6379
9189
2097
3907
3024
7301
717
797
2229
4352
2099
8764
3638
8778
6734
808
8324
4599
7596
7533
3447
3123
8955
5050
2000
3056
8068
7413
7044
3710
6139
3705
4562
5772
9603
9650
3236
8477
869
8485
7928
9760
8014
2816
4347
4347
9328
5753
8268
8347
893
7273
2429
6893
6941
556
7095
5535
7561
9466
3732
6353
8116
4828
816
6785
1527
762
5182
9228
5774
9194
1771
6307
5048
7337
9159
797
9188
1393
3049
7264
7387
4265
6757
9380
972
8607
4916
7133
3503
9835
8709
3677
5878
119
9686
7635
8868
5127
2920
9412
7871
5374
4733
2264
6754
5381
8535
1641
2554
7207
740
7108
6580
3817
6373
4215
3816
3610
9191
8564
6478
418
6067
864
4472
5508
6350
9882
9995
4546
4521
6992
2121
2782
7457
3149
5118
3941
2085
5232
2768
6487
2351
3386
3992
3232
4285
6220
5548
5731
5569
5202
514
6520
6247
1301
4364
9248
5849
5833
4838
1477
3965
3695
6269
6011
2557
7957
8648
1921
5070
6014
5104
6106
4140
3043
371
288
8340
2657
8833
3709
5744
5047
7307
8277
2537
5833
3303
9572
9636
275
4674
1313
5270
3197
6478
2721
3865
663
2810
3211
7736
8367
4391
7076
1598
2309
2640
2885
5731
3659
98
3970
2326
2318
9411
1752
5327
9184
2151
3441
9578
6388
8665
1147
3307
3953
925
7335
3612
8257
9551
7971
8592
4521
7231
1775
9774
8459
5688
374
6450
1598
8063
406
5678
605
5428
2097
5540
5819
377
4838
5918
7649
6490
7990
1202
4973
8836
5330
5889
4619
361
7975
708
7776
2973
6499
1342
3685
4839
8041
6833
1917
1595
6330
7790
7100
7069
5247
571
1756
2542
191
321
769
2537
1318
1181
9054
2550
5800
330
4663
4611
5982
9526
7229
6112
5743
2229
6519
9552
1844
6305
151
191
1452
211
3333
3954
5346
3002
2854
3517
8646
1305
3138
7532
6202
4687
1871
5455
8221
5106
3638
4215
5934
7104
7119
2351
3880
5910
9376
8946
2918
7874
8437
445
9485
799
4464
3873
5332
5753
2099
8126
1246
8788
5023
2625
6027
8807
420
3824
5774
3389
9976
7335
6404
5481
8774
5381
9453
5916
9634
3411
5009
2947
8655
4559
8942
396
9410
1890
2967
6255
1384
1441
2681
7970
4056
3695
331
6520
8166
8777
6936
4496
2338
1654
4905
1076
4051
7081
9124
1557
2208
2174
3823
6445
5945
8309
4121
2042
6920
6220
7152
9556
206
956
3726
1130
9212
3512
9899
8615
4857
3886
9288
2428
6586
4578
5846
467
2410
3546
6326
3616
4265
6892
5018
2280
3295
4303
7913
3602
5468
5655
9998
6012
9402
2269
1346
2742
255
8277
6642
3115
2181
2410
7671
3033
538
6818
5763
5801
6247
7489
9090
2885
4496
9533
6519
4650
3094
611
1599
4698
6941
6951
3192
4259
3413
406
418
9427
9399
5100
3946
8556
2012
5013
6040
2293
3709
5772
5801
5922
3016
2590
3492
5703
8816
4877
3335
4888
6647
2871
9286
8718
5233
698
393
3065
1301
4866
5456
6556
1270
8400
1937
7005
2169
1349
4146
8473
59
2263
7158
628
4737
5373
872
9824
5085
4521
9414
9326
4565
6646
8757
1318
7815
2552
231
7619
1169
8282
5535
2696
7474
3917
5753
4377
292
6268
6599
6012
2007
5856
6127
2445
6448
990
4415
5756
915
9469
1429
7561
7711
2816
5625
6570
7194
8772
600
9939
6499
9806
4788
7078
9401
7296
4816
8720
8595
5027
7076
9905
6180
6448
2185
4485
1284
8525
6458
1222
26
1022
9739
9328
8645
1948
2892
9934
9690
7222
6133
8278
6719
4533
2728
500
7173
4819
2284
3185
690
5408
2026
1894
4723
9809
4961
9713
2796
1988
2290
4422
5050
247
9501
9188
463
4252
6595
4718
809
1546
772
551
1625
6977
8210
5301
3602
6920
5492
7104
7654
159
8157
6936
5728
5661
5934
3437
2376
6565
7913
2381
9288
1310
6001
4408
255
7382
4455
9086
8102
9708
6517
2227
6733
3043
316
4055
3067
3033
7695
8767
5200
6112
4487
5888
8854
78
4391
7024
4315
9567
3406
7011
5770
2198
3168
9738
5098
5633
6029
5331
2886
8295
5776
5004
9380
3829
3404
2435
4906
1310
7600
9931
8912
3023
8686
9138
6305
9078
9443
7816
521
5165
8972
3735
1156
883
4757
5026
6195
8472
4723
1613
6292
2429
6648
3707
8216
4318
3138
4322
5603
3246
9710
6735
6300
9578
2646
3283
3137
7532
6001
9401
4757
1409
4481
9601
6038
5311
2818
6536
739
4930
9632
278
5765
5232
9523
3751
5330
8126
5373
7790
553
5179
8298
708
8754
6081
4578
2103
8217
4616
8485
7053
9902
8994
1140
1875
4265
5688
200
499
6211
4788
4240
3492
5141
6527
9835
9501
8157
8094
4081
8069
4663
720
5607
9007
2251
478
8892
3672
8908
3345
1417
2519
2819
7468
3883
3610
5004
2772
2598
1432
6315
437
9113
6586
4360
2565
9489
1273
5464
6165
2422
1836
5982
2059
3645
3295
9130
7144
6411
6836
1366
7264
9705
2134
5000
8646
7662
7704
1503
800
922
756
6056
7321
2114
3075
835
5999
6937
1511
6779
628
5633
3246
8595
8306
3604
4156
6339
6091
3414
6782
7438
7332
5634
39
5757
5365
7943
9634
3980
7929
885
2639
437
4616
6039
6150
2181
983
7185
3270
2580
6040
6129
1790
7612
1623
3574
5786
2176
3802
1449
4140
5813
574
463
1390
4106
6978
1976
2090
1272
1815
6399
4558
444
194
2681
110
873
108
3709
7152
2871
6300
4877
6951
3811
3794
3667
8632
1225
4847
6097
5618
3887
8616
2818
3809
5301
7716
3301
232
9435
4674
8351
550
6014
3411
2514
1535
2868
2420
8437
3562
6468
9713
6864
780
208
690
7856
8815
9269
5711
6992
4584
7044
6634
4240
6334
7533
7543
3633
2468
9910
9690
2719
1838
2382
8
8610
2199
6015
4714
8833
3019
9018
1668
9992
9857
8210
7337
533
6564
2445
2375
3128
1384
4015
724
7714
3802
8751
9039
8592
6353
9728
1043
487
5625
4161
6450
4733
2813
1840
6536
5411
8665
232
4065
2630
7797
4572
4146
6573
5481
2936
6396
7916
7514
3487
951
5356
4942
9531
9466
445
8513
5564
6549
4464
6430
2580
5708
7860
3958
486
6344
5570
3236
2614
206
4927
619
3876
4146
3517
5846
9911
4056
9997
4109
3510
9361
4371
4937
5662
3606
8111
3637
3376
7608
7138
8897
8605
9179
371
9898
3469
1530
8081
6504
6165
8764
5013
6641
7162
5889
396
2085
7537
9845
2856
713
6273
5535
9643
6733
1092
7577
5786
7645
2774
1557
2098
9963
6725
6738
255
5814
6129
5313
6202
2637
8320
3963
6726
2780
1565
7499
9843
7557
5441
8756
2973
5410
4840
3967
2651
6608
2175
5874
8177
2705
914
7074
2957
1859
9257
1795
3887
1157
1744
2131
1929
4318
9357
8645
874
3218
2981
5662
21
4954
2413
43
4802
5522
2413
8116
9669
1181
2799
7081
8055
8751
7257
1809
2025
5676
3071
1186
8754
3809
4882
8351
5472
8230
4008
6468
6269
2445
9632
7219
1204
478
6242
5846
7490
6490
3858
5706
3243
2687
3996
3644
7081
4585
9436
6056
1436
3348
5922
5215
788
148
7222
7997
3446
1042
6017
4368
7387
3591
4029
9235
3277
1027
5539
5441
4942
3243
1656
9650
1945
8951
2903
5562
2185
772
5381
7053
2102
9180
416
4435
5540
2657
2003
7072
2332
5548
5849
4816
323
6220
3214
9376
7418
476
218
5332
7976
4521
6656
8935
8340
2887
6038
4819
5441
9489
6236
9094
8526
7155
5365
4800
4746
4669
7812
6281
3425
6240
2280
2348
9827
346
1992
1118
7704
5729
2389
4070
5833
2134
8477
9273
2903
4967
8518
9724
2137
3208
5757
4100
2819
9886
4841
8788
7061
6388
6399
9911
4800
6036
8702
3200
9447
5691
9567
5800
6836
6756
8075
2436
9415
762
7871
4534
3499
1029
2565
3690
5044
4559
5463
5947
292
6870
3722
1156
7418
8309
6595
2056
8539
8284
3348
7819
1655
8667
5330
2621
2246
4669
5510
255
7883
7104
4104
4306
5508
5067
8951
4578
7505
4795
2868
140
3486
2617
3333
1526
9997
7225
6353
538
3112
9023
5094
7452
2799
7794
8563
8702
8456
2735
7957
7181
8303
1926
7398
3591
288
7664
2957
228
5738
600
5916
8459
7081
4247
3869
3404
6545
6135
8680
3118
6940
7695
9910
7711
9773
5965
2935
3147
4717
4965
7651
9378
8354
7797
85
662
1144
1157
1144
3958
3536
1818
28
7321
5398
1033
6506
6016
7082
5618
9041
8731
2584
5675
5346
1641
1404
1413
9051
3992
487
1921
8041
4723
4171
6039
1809
5121
4865
8067
6412
4336
3206
8816
1225
8063
2090
5703
7024
6824
3767
85
9027
4558
9584
9349
3605
3690
4972
3816
9212
2857
6106
8774
164
146
5182
8702
9760
5314
5541
6937
3376
9824
6457
1588
2891
326
3538
2107
9538
7014
540
6431
2332
4686
3446
6031
8331
4962
6337
4104
1230
1075
9362
8185
9408
7972
1861
2608
3109
302
7228
21
1984
5541
9857
5509
5492
7356
1535
6863
6119
9113
1157
7737
9979
3696
1738
8530
9317
3096
211
2833
7468
9436
4406
9770
891
9947
4315
4287
8644
8253
1526
5576
8157
1267
8347
2857
4667
9574
3067
7133
4073
3169
3345
2925
8876
7632
8086
1142
1462
3961
5465
9947
4212
2007
3096
2007
2719
8608
7076
4419
8190
8805
7774
76
6180
248
9130
4100
203
8886
5689
6751
4070
1417
9708
2216
2731
5179
953
1351
3695
5878
8792
331
2724
7955
1080
379
8935
5066
6305
5551
4170
7619
6610
1698
718
1409
5424
9405
1527
6081
547
6952
4906
2550
4590
3019
4354
1617
7119
1066
8655
4727
3230
2874
7977
7531
3361
9128
4795
2510
9882
1348
6556
6778
9180
9714
3437
9258
8918
9402
1320
9970
3958
3348
3425
858
1887
7008
3024
2428
2813
7184
5644
3016
5510
1285
985
3672
3818
2963
107
3907
2772
9239
3376
6021
6157
7363
7614
8900
476
7077
6764
7211
6721
9194
914
1588
4912
4073
1066
7704
304
2390
1953
9058
7246
3065
6757
9215
962
9179
1429
3321
6782
2967
3064
9248
1063
643
1939
2509
6309
2925
5606
8616
2824
2493
9311
7786
6744
9354
3880
5470
7976
7155
8660
6843
8915
3900
864
556
6012
9818
2993
6457
974
410
5206
834
9902
73
6180
3988
1595
7360
8181
4370
3437
176
7332
9865
2810
9766
6655
2936
3447
1514
7112
94
2262
4300
4088
8816
7566
3713
4640
4306
9329
2918
7061
7890
588
97
6107
2598
6566
1636
8390
4663
6564
627
4616
2919
4171
4170
1521
1119
1617
1375
9714
4923
6431
5391
155
9038
1430
5464
5233
9861
9046
3243
5118
1052
9107
6655
6967
6292
9189
119
5026
8874
4599
1043
4793
7331
2026
4648
8139
5940
3530
4065
1273
4795
6854
2845
7161
4487
128
5672
1323
878
7104
2887
7181
3965
9980
2381
6837
7423
7957
4350
5515
1771
7556
5056
3023
7406
4857
4532
6476
4435
4421
1935
5418
7414
8686
3739
2454
5685
6053
3634
605
1926
1919
7161
3258
2746
184
4699
5322
5936
6998
8245
2123
8693
8086
6744
8102
7421
3827
5096
5416
5017
7298
6188
661
8855
2995
8667
6373
4503
5305
7256
8111
4726
9469
4027
7069
7196
2742
7076
3487
3247
9839
2303
840
8086
6322
5703
6466
7543
3784
6946
9431
503
6411
1663
299
3489
2768
1118
5522
5184
2345
1117
4226
9078
5223
5216
2231
8392
9134
544
3043
783
2903
870
5106
3214
7786
6315
377
2509
2131
4425
4368
4846
4841
6997
8892
9736
9947
4073
1444
2724
3381
9567
7326
5738
7428
1797
7537
7657
6627
3336
2465
7676
5857
1873
3645
8709
8565
5100
6937
3469
6782
7662
9523
5774
4650
5859
6031
4723
9710
2291
9109
8876
3468
4765
6202
1405
2968
9774
4930
5485
1135
3506
5645
6648
1744
9995
2001
7490
5055
7701
4962
8723
1535
6157
7256
2455
1287
5884
9485
5947
9655
3676
5001
797
951
5331
6679
6591
2646
5576
3499
194
1232
7033
4882
724
3360
940
8210
1695
882
4471
1083
536
8723
1917
9046
2468
875
3910
6683
9584
9334
6277
3119
727
255
529
6225
3631
2517
6214
49
9312
5016
7460
2335
5381
3883
5634
8277
8815
3710
6788
9531
5182
2520
8568
2780
63
3917
5102
9435
3606
8166
7288
551
444
5018
5509
2140
7830
719
6450
2460
7733
6131
2219
4696
3236
9051
992
5607
8729
1974
5874
2042
2112
9258
5127
2403
2836
9235
6756
7676
1613
6066
6458
2456
105
9840
124
1462
9349
335
4534
5664
6610
5685
1283
4843
85
6060
7133
4170
5912
2782
1297
6268
1919
9268
8126
7778
863
3827
3910
6638
6061
5821
4285
5587
4686
1052
8417
9138
5814
7566
1011
3808
4204
7044
8337
5792
6426
8396
7488
7648
8477
3811
6440
8738
5404
4027
7621
443
6405
4597
8391
2590
4219
1287
9596
4352
1675
6064
7269
4865
3123
5368
6396
456
3967
974
4508
6331
9660
1405
345
6
5401
3462
9475
4139
3472
5398
1167
8709
3440
3413
295
3609
2284
1213
8675
2581
5070
1438
1688
6219
6764
7196
383
6738
2580
9400
3356
3231
8777
6036
1436
3109
1326
7608
3938
6448
8608
389
5418
1565
2966
627
4927
6097
4961
9556
5570
2874
1432
7225
4219
5426
835
6388
2957
1595
5042
8815
2520
4619
4082
6450
1523
953
9470
719
1311
9191
7816
374
9189
5565
8196
6220
3613
6987
2467
6065
7158
5849
8955
7537
2376
4875
6040
611
2798
2721
9120
1027
7814
4521
7577
9840
6219
6426
9575
6766
7596
2593
1119
5247
4420
8163
1662
4533
922
3492
59
930
885
994
3712
1858
7082
2072
1462
4972
4937
1460
6696
1789
5576
3640
4746
9312
6622
9222
8972
3489
2976
1114
3946
2816
6535
6040
5292
5137
4849
6011
4315
9286
7743
8450
1815
3965
2373
2550
2375
4878
32
2711
9919
8216
718
4584
696
9890
9064
3139
335
8295
8249
9635
5475
1797
6031
9934
5208
858
8189
2707
2637
8696
2791
8081
8605
714
6645
8391
4954
1535
4765
7929
5322
4972
152
9179
1546
6659
189
6
5003
1822
2335
7246
6374
6591
8222
3430
2891
2003
8139
383
6573
7675
9204
3908
9490
6297
1511
8316
978
3618
1668
6438
1636
7273
9728
9660
4096
3016
5176
4916
2454
9931
6236
7646
211
8179
3565
6409
2715
9836
6020
6468
6075
5225
9383
5084
9724
8014
8944
6578
5404
2767
1677
5326
7211
2609
2115
5955
2513
5301
3307
7736
5533
8196
8179
5246
8284
9738
1821
7630
809
619
4121
4727
8915
5412
4221
3616
9124
4802
9235
5473
3712
2530
4597
8479
4839
2705
3036
9378
2528
4597
3643
8224
6440
7800
8166
6066
3808
119
2714
9979
2137
2490
5470
3005
3958
8767
313
2227
7846
8544
1636
9634
8900
775
8651
1333
248
7850
5200
9966
8192
4199
6659
6938
3676
8876
5553
9082
883
9645
200
2356
9966
4621
7489
5179
9992
8956
7743
9973
5705
9840
8464
26
2112
8163
228
9238
5399
1076
500
5705
795
1218
3713
9585
2957
304
3414
7704
3633
916
9447
9250
2382
882
2422
4611
3128
7144
7044
9905
4303
9856
8805
8792
7817
7733
7207
4584
1135
3049
6330
7943
3683
2801
8297
7373
389
5485
3963
5765
3787
8660
8772
8268
8680
6504
6638
5805
3094
649
2151
3567
3992
7321
651
2279
1138
9498
1675
9836
5615
2927
1184
200
6406
3698
2775
6867
3028
1349
1677
2264
3171
2001
4647
2290
7337
7414
7955
2809
905
6565
7632
1272
8836
5121
972
3487
7335
8352
8535
9979
698
1698
7053
4718
6586
5141
5235
6095
4056
4866
7207
1462
4979
4843
3696
6099
5947
6099
6019
882
9489
9268
8472
7360
9490
1460
1445
699
8206
4123
9041
6352
6262
1181
3681
5570
8906
6309
3318
7005
5025
3503
7781
247
9623
1704
4603
1379
5048
8552
2026
122
3908
3517
22
9736
7975
8206
2332
49
5889
4503
5327
1006
2892
4795
1006
9412
3336
9906
6274
9934
977
6655
5492
147
2728
2935
3687
6406
7800
6297
2856
1202
9128
2098
1514
1083
2460
6268
908
2947
5767
2468
4485
2991
4839
1089
3667
5508
6950
6744
4585
8874
6197
1461
9839
316
8027
6657
6430
8063
1171
8307
3883
4590
4696
9486
5689
1366
2891
9329
5216
218
9556
7246
2584
1375
9596
9064
836
5223
2389
410
4965
5465
7535
7877
6656
829
2973
9906
4526
6057
4419
2514
5523
1945
8516
9190
7265
3019
972
7317
4888
5070
9622
6833
5269
7675
1756
8901
6247
828
7716
5814
8082
6
4139
2285
7790
9478
3363
639
2269
5182
4793
2263
8052
8178
8706
3565
4726
7413
8646
1469
9204
514
2444
9899
9949
8872
960
873
1638
5453
1810
6322
4648
9113
3828
6836
7328
2509
7326
1098
9533
3409
7971
3277
5141
6318
3439
2351
4546
8513
5675
4246
6655
7929
8942
2920
8870
2963
63
3631
8675
6883
5121
1391
714
3612
6580
4364
7224
478
8372
2609
875
3360
2608
5934
7702
5792
4846
3486
4560
3996
2246
5766
6591
2019
2395
6758
8870
3462
7350
7646
2530
4717
7836
2927
1845
1296
4055
122
4846
1384
43
55
3735
6915
3036
8859
3640
9317
9575
2429
6036
1873
2390
960
9861
3695
8735
5751
9119
7468
2293
5776
1270
6015
6647
8535
1660
2439
1080
1948
4572
9222
7528
9321
8037
3497
4654
5936
829
5234
800
2746
1186
3638
1655
5374
2542
8236
1114
9082
2901
9931
1461
200
1748
7903
4377
7766
3953
1117
6262
7711
2467
1588
5424
1565
1441
5234
9919
8075
5638
444
3908
9809
1662
3828
7977
8648
7814
8765
5292
1063
5182
1025
1107
3567
7881
1222
5728
3208
2174
1637
9882
5223
2135
5931
8807
6012
353
8518
3147
2011
6642
2999
1490
2917
4647
6326
5874
5824
1067
7217
2099
7928
3109
5473
9890
6611
3277
7745
7736
8874
3016
1359
8245
4296
6938
9845
5374
9370
445
6570
2955
9886
2552
9739
9408
7528
5884
6627
6534
3807
2452
1468
7138
9773
1241
7570
8595
1521
2963
2887
9215
1026
4548
3633
487
696
2520
533
8564
1487
3492
8918
5523
2575
3149
9395
6864
1438
4161
7566
3967
713
8706
1945
7334
2824
7916
6197
4511
2276
2943
3605
9094
1895
8464
9273
9890
7821
666
6448
8790
2568
5782
3728
2965
649
9827
6255
4820
2557
4843
7737
184
711
927
1900
6311
3860
3079
6053
3530
3729
875
9119
6091
6119
284
9255
1654
8225
9720
5706
5465
922
8390
1984
147
1625
4142
6312
717
9840
3119
6806
1305
3094
8190
4787
313
4850
7223
1296
4121
5424
5645
7499
316
1655
4640
5456
3860
4052
7148
6951
6468
9898
110
2917
5232
7184
8217
1068
105
3824
9461
3977
8185
521
853
2768
8876
3430
1900
6737
2845
8518
6229
6184
7630
3361
7326
5587
1098
6476
6829
9734
9232
6721
5705
2331
9572
5770
547
6861
7889
6208
6157
3045
1295
8278
5013
6388
1373
9545
7559
73
7409
8539
2123
8530
994
5533
4975
3197
9942
962
3647
7547
5352
2086
2687
4182
4252
1071
3710
6023
3686
3171
1873
7559
8859
1731
2490
9389
9134
4237
1663
3669
8651
2432
8915
600
676
7332
1570
9773
4806
4322
9136
1871
3468
3364
8108
2261
151
6978
7296
3050
6920
1140
2227
1230
203
6038
456
2884
6611
1477
3321
4431
4051
3308
3277
2102
2138
9728
4226
3674
8222
9967
960
4994
7428
3685
6506
5346
5955
7794
1391
8211
3231
9475
5857
4096
9699
7436
4511
6057
2886
9998
3049
7095
4699
6749
9971
1660
8796
393
8563
3910
6940
6568
1974
4199
8908
5606
1704
6334
1380
2957
1778
2404
7701
528
7995
5799
1844
9868
3404
7889
8718
9898
4273
9500
7854
4528
146
5517
2339
7836
6734
2131
1438
1912
7184
857
4687
3749
2222
2276
2791
6535
5336
7258
3764
5523
9238
3917
8731
4167
7531
3562
1818
7929
7981
855
20173
857
858
89485
860
861
862
7957
864
865
1495
867
868
25204
870
871
872
55222
874
875
17753
877
878
14492
880
881
882
36461
884
885
19040
887
888
56370
890
891
892
18318
894
895
16578
897
898
66821
900
901
902
4749
904
905
85767
907
908
44314
910
911
912
42660
914
915
83459
917
918
58847
920
921
922
40316
924
925
85574
927
928
52474
930
931
932
840
934
935
81411
937
938
70934
940
941
942
77829
944
945
16
947
948
88055
950
951
952
69801
954
955
25015
957
958
5833
960
961
962
44244
964
965
92384
967
968
77589
970
971
972
77156
974
975
84133
977
978
77453
980
981
982
68375
984
985
29829
987
988
85663
990
991
992
2504
994
995
67215
997
998
65755
1000
1001
1002
38643
1004
1005
85328
1007
1008
36280
1010
1011
1012
12209
1014
1015
20373
1017
1018
7451
1020
1021
1022
9562
1024
1025
64841
1027
1028
35790
1030
1031
1032
15394
1034
1035
36575
1037
1038
64637
1040
1041
1042
11423
1044
1045
15136
1047
1048
55215
1050
1051
1052
53218
1054
1055
52431
1057
1058
14904
1060
1061
1062
2132
1064
1065
95410
1067
1068
16072
1070
1071
1072
21328
1074
1075
8520
1077
1078
3854
1080
1081
1082
98661
1084
1085
50736
1087
1088
39265
1090
1091
1092
73775
1094
1095
17067
1097
1098
27064
1100
1101
1102
47347
1104
1105
98632
1107
1108
7332
1110
1111
1112
74489
1114
1115
6656
1117
1118
61209
1120
1121
1122
46522
1124
1125
1161
1127
1128
91598
1130
1131
1132
83922
1134
1135
31610
1137
1138
21340
1140
1141
1142
76180
1144
1145
11346
1147
1148
71323
1150
1151
1152
99583
1154
1155
33205
1157
1158
12450
1160
1161
1162
51496
1164
1165
40969
1167
1168
83451
1170
1171
1172
73863
1174
1175
12675
1177
1178
64636
1180
1181
1182
825
1184
1185
52647
1187
1188
20386
1190
1191
1192
15344
1194
1195
62246
1197
1198
34801
1200
1201
1202
94059
1204
1205
15676
1207
1208
42123
1210
1211
1212
60826
1214
1215
57185
1217
1218
68801
1220
1221
1222
24739
1224
1225
57936
1227
1228
57956
1230
1231
1232
73619
1234
1235
79895
1237
1238
95424
1240
1241
1242
69341
1244
1245
43874
1247
1248
6303
1250
1251
1252
27080
1254
1255
80889
1257
1258
79297
1260
1261
1262
49675
1264
1265
20533
1267
1268
88601
1270
1271
1272
10739
1274
1275
47486
1277
1278
41611
1280
1281
1282
40769
1284
1285
6394
1287
1288
82190
1290
1291
1292
82278
1294
1295
52390
1297
1298
82590
1300
1301
1302
37168
1304
1305
39249
1307
1308
88506
1310
1311
1312
52522
1314
1315
16015
1317
1318
65063
1320
1321
1322
93309
1324
1325
64927
1327
1328
25533
1330
1331
1332
76871
1334
1335
49651
1337
1338
82302
1340
1341
1342
85372
1344
1345
84070
1347
1348
90114
1350
1351
1352
31652
1354
1355
2806
1357
1358
18597
1360
1361
1362
26585
1364
1365
3579
1367
1368
48892
1370
1371
1372
77345
1374
1375
10091
1377
1378
30347
1380
1381
1382
36940
1384
1385
66310
1387
1388
62680
1390
1391
1392
10243
1394
1395
64821
1397
1398
865
1400
1401
1402
74999
1404
1405
20791
1407
1408
40333
1410
1411
1412
32849
1414
1415
67376
1417
1418
6398
1420
1421
1422
48773
1424
1425
28886
1427
1428
90363
1430
1431
1432
32613
1434
1435
73847
1437
1438
14716
1440
1441
1442
65123
1444
1445
19303
1447
1448
99817
1450
1451
1452
57721
1454
1455
41413
1457
1458
17656
1460
1461
1462
11587
1464
1465
44861
1467
1468
22699
1470
1471
1472
19108
1474
1475
49783
1477
1478
71869
1480
1481
1482
40215
1484
1485
17391
1487
1488
40525
1490
1491
1492
37851
1494
1495
79390
1497
1498
69457
1500
1501
1502
7825
1504
1505
31784
1507
1508
6801
1510
1511
1512
46845
1514
1515
94015
1517
1518
61534
1520
1521
1522
63312
1524
1525
68169
1527
1528
98143
1530
1531
1532
43102
1534
1535
95862
1537
1538
19836
1540
1541
1542
18087
1544
1545
35921
1547
1548
92361
1550
1551
1552
67392
1554
1555
4440
1557
1558
24027
1560
1561
1562
18409
1564
1565
55834
1567
1568
49190
1570
1571
1572
49003
1574
1575
88427
1577
1578
70125
1580
1581
1582
5299
1584
1585
1949
1587
1588
77131
1590
1591
1592
95458
1594
1595
32397
1597
1598
87019
1600
1601
1602
16524
1604
1605
36504
1607
1608
18563
1610
1611
1612
4046
1614
1615
46469
1617
1618
71454
1620
1621
1622
55619
1624
1625
70682
1627
1628
43539
1630
1631
1632
67560
1634
1635
81111
1637
1638
82931
1640
1641
1642
16400
1644
1645
11836
1647
1648
94554
1650
1651
1652
32694
1654
1655
43828
1657
1658
53984
1660
1661
1662
34671
1664
1665
55302
1667
1668
53214
1670
1671
1672
31259
1674
1675
82757
1677
1678
55578
1680
1681
1682
55436
1684
1685
48380
1687
1688
9241
1690
1691
1692
56051
1694
1695
32144
1697
1698
77064
1700
1701
1702
58743
1704
1705
33792
1707
1708
33972
1710
1711
1712
69796
1714
1715
30643
1717
1718
44159
1720
1721
1722
99005
1724
1725
95628
1727
1728
79882
1730
1731
1732
34703
1734
1735
68153
1737
1738
91934
1740
1741
1742
15848
1744
1745
99432
1747
1748
73732
1750
1751
1752
3157
1754
1755
60202
1757
1758
39472
1760
1761
1762
82245
1764
1765
62425
1767
1768
71608
1770
1771
1772
61081
1774
1775
40646
1777
1778
19738
1780
1781
1782
95632
1784
1785
53827
1787
1788
48712
1790
1791
1792
48166
1794
1795
54315
1797
1798
35805
1800
1801
1802
69052
1804
1805
1620
1807
1808
78431
1810
1811
1812
32477
1814
1815
48435
1817
1818
80003
1820
1821
1822
1467
1824
1825
43597
1827
1828
49003
1830
1831
1832
53828
1834
1835
35257
1837
1838
31275
1840
1841
1842
24039
1844
1845
52846
1847
1848
74829
1850
1851
1852
6527
1854
1855
13410
1857
1858
71235
1860
1861
1862
34778
1864
1865
4498
1867
1868
29032
1870
1871
1872
50554
1874
1875
64739
1877
1878
8854
1880
1881
1882
48201
1884
1885
99694
1887
1888
96050
1890
1891
1892
3954
1894
1895
95237
1897
1898
98067
1900
1901
1902
26192
1904
1905
3740
1907
1908
18146
1910
1911
1912
65453
1914
1915
98779
1917
1918
97471
1920
1921
1922
5180
1924
1925
42202
1927
1928
62422
1930
1931
1932
75504
1934
1935
56052
1937
1938
91535
1940
1941
1942
34546
1944
1945
89615
1947
1948
91289
1950
1951
1952
73609
1954
1955
33960
1957
1958
10249
1960
1961
1962
92391
1964
1965
21151
1967
1968
46641
1970
1971
1972
57167
1974
1975
62791
1977
1978
31911
1980
1981
1982
41684
1984
1985
47306
1987
1988
94441
1990
1991
1992
20625
1994
1995
12324
1997
1998
1829
2000
2001
2002
27167
2004
2005
72082
2007
2008
43133
2010
2011
2012
24330
2014
2015
2110
2017
2018
1324
2020
2021
2022
89391
2024
2025
68583
2027
2028
54737
2030
2031
2032
21344
2034
2035
55500
2037
2038
82559
2040
2041
2042
4387
2044
2045
86394
2047
2048
3254
2050
2051
2052
83695
2054
2055
89311
2057
2058
98127
2060
2061
2062
86766
2064
2065
34414
2067
2068
74111
2070
2071
2072
26997
2074
2075
78845
2077
2078
77182
2080
2081
2082
2970
2084
2085
33022
2087
2088
49076
2090
2091
2092
32360
2094
2095
92113
2097
2098
14052
2100
2101
2102
65678
2104
2105
25172
2107
2108
65105
2110
2111
2112
40683
2114
2115
40719
2117
2118
39968
2120
2121
2122
6259
2124
2125
13751
2127
2128
65360
2130
2131
2132
89801
2134
2135
60659
2137
2138
5084
2140
2141
2142
65545
2144
2145
36887
2147
2148
23110
2150
2151
2152
32754
2154
2155
46712
2157
2158
72804
2160
2161
2162
30751
2164
2165
25414
2167
2168
83069
2170
2171
2172
97547
2174
2175
16143
2177
2178
43002
2180
2181
2182
74006
2184
2185
72216
2187
2188
72422
2190
2191
2192
63195
2194
2195
21134
2197
2198
68017
2200
2201
2202
83276
2204
2205
68394
2207
2208
93580
2210
2211
2212
25506
2214
2215
70186
2217
2218
25893
2220
2221
2222
93528
2224
2225
89813
2227
2228
61270
2230
2231
2232
26762
2234
2235
24035
2237
2238
99632
2240
2241
2242
24288
2244
2245
54325
2247
2248
89767
2250
2251
2252
41214
2254
2255
75729
2257
2258
48510
2260
2261
2262
40295
2264
2265
87148
2267
2268
45341
2270
2271
2272
60344
2274
2275
57943
2277
2278
26760
2280
2281
2282
49853
2284
2285
71223
2287
2288
86234
2290
2291
2292
16717
2294
2295
95108
2297
2298
25899
2300
2301
2302
2912
2304
2305
43954
2307
2308
16087
2310
2311
2312
6968
2314
2315
82586
2317
2318
40441
2320
2321
2322
19579
2324
2325
66107
2327
2328
95878
2330
2331
2332
52975
2334
2335
518
2337
2338
8360
2340
2341
2342
19712
2344
2345
2645
2347
2348
4041
2350
2351
2352
88
2354
2355
36064
2357
2358
59027
2360
2361
2362
63708
2364
2365
13635
2367
2368
79042
2370
2371
2372
87699
2374
2375
89082
2377
2378
5835
2380
2381
2382
62762
2384
2385
7331
2387
2388
79689
2390
2391
2392
42139
2394
2395
20243
2397
2398
80524
2400
2401
2402
51131
2404
2405
72059
2407
2408
34718
2410
2411
2412
29404
2414
2415
31382
2417
2418
39643
2420
2421
2422
44946
2424
2425
32497
2427
2428
1143
2430
2431
2432
2522
2434
2435
18161
2437
2438
76791
2440
2441
2442
11669
2444
2445
45131
2447
2448
38779
2450
2451
2452
31111
2454
2455
81943
2457
2458
71953
2460
2461
2462
36191
2464
2465
37087
2467
2468
12945
2470
2471
2472
40774
2474
2475
95722
2477
2478
21161
2480
2481
2482
88140
2484
2485
25415
2487
2488
44810
2490
2491
2492
56625
2494
2495
29346
2497
2498
39712
2500
2501
2502
5094
2504
2505
47069
2507
2508
46307
2510
2511
2512
4816
2514
2515
42298
2517
2518
56111
2520
2521
2522
25255
2524
2525
12449
2527
2528
62813
2530
2531
2532
15001
2534
2535
22181
2537
2538
91680
2540
2541
2542
20972
2544
2545
48188
2547
2548
60430
2550
2551
2552
57080
2554
2555
1951
2557
2558
61761
2560
2561
2562
82839
2564
2565
97358
2567
2568
31580
2570
2571
2572
18756
2574
2575
54837
2577
2578
19234
2580
2581
2582
17596
2584
2585
95579
2587
2588
19157
2590
2591
2592
78864
2594
2595
94299
2597
2598
30250
2600
2601
2602
44849
2604
2605
60526
2607
2608
96763
2610
2611
2612
55738
2614
2615
73773
2617
2618
54957
2620
2621
2622
65643
2624
2625
63272
2627
2628
41081
2630
2631
2632
92350
2634
2635
83702
2637
2638
4574
2640
2641
2642
62361
2644
2645
62111
2647
2648
57412
2650
2651
2652
83262
2654
2655
93139
2657
2658
37783
2660
2661
2662
44577
2664
2665
44137
2667
2668
66727
2670
2671
2672
64218
2674
2675
33253
2677
2678
18574
2680
2681
2682
81034
2684
2685
6855
2687
2688
27877
2690
2691
2692
68335
2694
2695
59045
2697
2698
2490
2700
2701
2702
10372
2704
2705
6180
2707
2708
45159
2710
2711
2712
23434
2714
2715
68086
2717
2718
80456
2720
2721
2722
13265
2724
2725
45290
2727
2728
16239
2730
2731
2732
12684
2734
2735
46330
2737
2738
86170
2740
2741
2742
73176
2744
2745
56960
2747
2748
87583
2750
2751
2752
96608
2754
2755
37046
2757
2758
98031
2760
2761
2762
2669
2764
2765
93865
2767
2768
1171
2770
2771
2772
58952
2774
2775
29166
2777
2778
49828
2780
2781
2782
22997
2784
2785
98257
2787
2788
61754
2790
2791
2792
20364
2794
2795
53546
2797
2798
67672
2800
2801
2802
47503
2804
2805
4527
2807
2808
39303
2810
2811
2812
74919
2814
2815
40388
2817
2818
90268
2820
2821
2822
46510
2824
2825
18715
2827
2828
2921
2830
2831
2832
70392
2834
2835
8525
2837
2838
79169
2840
2841
2842
16051
2844
2845
10783
2847
2848
99654
2850
2851
2852
36395
2854
2855
47169
2857
2858
46082
2860
2861
2862
83914
2864
2865
32707
2867
2868
27687
2870
2871
2872
2594
2874
2875
92740
2877
2878
27182
2880
2881
2882
58953
2884
2885
23888
2887
2888
31302
2890
2891
2892
53494
2894
2895
57511
2897
2898
91749
2900
2901
2902
94678
2904
2905
89834
2907
2908
83309
2910
2911
2912
95106
2914
2915
3529
2917
2918
44662
2920
2921
2922
41332
2924
2925
87595
2927
2928
95323
2930
2931
2932
10607
2934
2935
1796
2937
2938
51857
2940
2941
2942
18843
2944
2945
13171
2947
2948
70608
2950
2951
2952
80926
2954
2955
92693
2957
2958
5931
2960
2961
2962
75268
2964
2965
1862
2967
2968
40810
2970
2971
2972
12020
2974
2975
28955
2977
2978
50280
2980
2981
2982
76051
2984
2985
56407
2987
2988
587
2990
2991
2992
88664
2994
2995
21721
2997
2998
30473
3000
3001
3002
24621
3004
3005
88935
3007
3008
15944
3010
3011
3012
98257
3014
3015
33504
3017
3018
1310
3020
3021
3022
49335
3024
3025
39271
3027
3028
58472
3030
3031
3032
31804
3034
3035
32923
3037
3038
31158
3040
3041
3042
98330
3044
3045
12781
3047
3048
9235
3050
3051
3052
47931
3054
3055
64405
3057
3058
74860
3060
3061
3062
81310
3064
3065
68161
3067
3068
27550
3070
3071
3072
92403
3074
3075
14175
3077
3078
54102
3080
3081
3082
7797
3084
3085
51992
3087
3088
46617
3090
3091
3092
77867
3094
3095
25511
3097
3098
20057
3100
3101
3102
90471
3104
3105
68813
3107
3108
65216
3110
3111
3112
95674
3114
3115
4001
3117
3118
24896
3120
3121
3122
30480
3124
3125
37167
3127
3128
69238
3130
3131
3132
26996
3134
3135
