1953969351
1860392470
969946674
1696035142
824254287
247886409
1239487214
142127311
780379920
249119572
1596872242
1027765081
782215302
1096453982
2104788399
5031425
1125071360
760954231
377661613
1064114185
1975423773
677367643
59120455
374219084
757389999
1068634067
1995313692
1500150354
525254382
1560255224
290743536
371147035
1563384947
2014799497
1018047567
670023058
1427567028
1851560899
1972626617
1346439414
1828811124
128851264
1799969116
352540282
129391028
369611717
1581565331
1576214358
1733313592
898680798
7763854
1556601259
1791457997
1639818396
355395822
791517948
771220901
848441738
2039393480
1834159532
40589284
2077763587
803521419
1940287788
2080229756
1185052880
979752791
1325612707
217302756
1094231972
385164405
24646464
1029530822
1385839303
1045894650
1664803239
982425224
1966740260
1421989292
1983636334
1440241733
123862025
1704347016
853084832
26482090
641999893
1462417827
1641549337
787148220
1162438398
589073652
161621690
1061423091
1319559596
761576221
1387805092
812623337
808672428
1377340807
388789505
278854691
1133822036
566492743
401368659
1932571019
1133938918
284296281
1272629879
1473955040
1244487801
2012926421
944229841
757988820
1186128787
2125893924
1910341160
488265487
350658885
1446830565
1941607840
1710804167
934933051
16578322
260577594
1905966212
560159671
23067514
1802113283
529035920
1850038083
1002401277
642554801
975855725
773177277
845628887
1383826557
1665090595
665408686
32917411
1417320072
1641867437
1372979651
839071658
1735917273
1943460151
1725383946
626767921
129932893
1314159790
97470655
782933166
1402536270
229242187
105848094
1600114820
670845342
1560840433
1746339349
325225517
1738101268
348776136
815358264
1439623208
1324685049
522263145
2051936481
1626724226
1219824431
732835851
1144112349
685146947
472325209
17302107
837941252
1665755663
758701227
173089310
217115302
160513813
1863817126
2024683953
1431826466
591451519
672479117
2133665071
340314951
1000207151
1155634749
1055009315
1430869936
394826910
779406652
605795514
666395705
299903365
429736397
2022386937
461567417
2123863250
779885120
1704833146
1239901513
1481932186
629775967
2025273720
1664642489
1384418514
80504582
356723885
737260386
528474859
1428535574
1547281152
1165370690
457844296
1582028158
1035169962
293699900
1722352975
136456486
915599793
849393528
354911359
1194197249
1814353023
806158548
513405176
1755431781
184070103
1194404900
1844369069
1627117871
743021039
191806754
1881601689
1297040050
1841494096
168721781
1988041671
1393030705
481864476
1148453398
389157065
397435171
536138455
1725232161
1054230217
1176368690
949575537
377853165
1274088209
1855048879
1152449136
1780740680
689587377
1889895730
835392936
1460433146
1590531839
626248309
2043018436
1799543967
627062075
1039403908
170904076
1107256670
547851816
793894143
19590769
268799081
2146163358
2019461390
1388668119
668787486
638421592
1082430776
1674732858
1268752608
1491429155
2112666144
1018263977
1167244132
889752544
1124674915
1728651867
315663634
1035589190
101480879
2104961794
51012761
1128716115
396844225
1510741018
2140899854
1083869989
242681549
155541150
915517802
928331764
1742472824
165773595
786461703
1611391787
353156502
304363551
1364015909
618192015
459245548
2132343703
1069124238
1116897683
1345433756
1514036003
231799214
2054326412
1881405721
1006139425
1846984690
656791867
1775883332
957916351
1213887251
2035025318
1568032941
788323025
1579053620
866533180
1516161202
908328286
1828576006
2038610279
1536619934
612215970
736191717
1914480277
151619916
962747600
1618159256
1537435276
1757993936
797256172
163749477
1522256393
1515960236
1865717325
289628029
1200591948
1583057238
1767445743
788493900
469774894
1104701869
1222802460
497933455
951802301
1265911874
1783774560
2116481997
1681477
1657851522
638623661
885096227
1366030553
742249897
1948245550
2130513749
1926570490
1764974892
1440838009
1229373004
655987554
1319412290
1662208190
641123962
1560368814
303417089
1886276747
886402634
993931081
774636922
633884545
2041585417
266080349
1099007200
1648210677
393075966
1934193239
1986225298
1043144688
1449115126
869418668
1488372029
928551606
1457329665
1065548933
2108954904
148851554
936826075
1962287272
329481888
160831590
122461469
554629281
2133608354
1268988065
1596161552
2053859329
1706577161
2022708693
1156519875
662381356
608396092
1806305516
1873125500
578677513
397911596
1781998597
1844503193
275418562
1846074789
2143181712
391219261
338362591
30569661
381081883
483243805
224428527
1216069763
782710205
1071893557
1931010558
1710394736
817733830
1639401643
1689430719
2002936390
2063211859
389007496
514188252
977099841
344464117
2115434554
484164660
106324782
463387781
819073491
859642491
601214897
1701179739
1304264419
540643443
939871264
1074471991
1572149186
1061264330
109670023
2084415411
1304530424
1209113046
876571288
873922886
58971716
1966710647
1249942035
960796744
258130051
1449408474
1084983669
1160442412
1237574518
1684621223
33599383
2014670431
940989
1029024623
1281868197
1210053613
478330595
288207794
1474983390
1230330741
1759826762
790248961
1963681115
1757765295
99556316
746622073
876212153
389418478
1821109655
729114407
644763138
1824506972
152087394
23498393
507954173
792705116
1002980667
2117262794
1323332900
2101724941
1944510069
198970401
661775593
698735986
338395061
109644542
252493338
579733257
610086251
1362230790
2035801137
30899101
1866145549
1054509274
886090714
2080340421
939851588
1799337426
768562572
1242045705
387557461
1700006485
1478711885
1831366732
1375027876
2030155409
814049331
1172215322
567210003
1334368148
996087429
707344283
1475032649
1972291515
426520941
826171096
1918018497
736612690
1023816185
200890213
2016567981
89633464
1537014616
1671131684
1182820968
1101610619
765111538
2127701110
2146211464
1252241697
844371570
903741872
548639603
180895959
2052156909
1074700758
1337139347
1802344044
848619180
1806641896
1544377145
1589989168
609567767
1505994256
609963522
80456274
1525989758
640077388
202533982
336818100
1195376842
120905827
1643441296
1389673503
159468989
1326219070
475675800
255461734
358332709
1771185165
1499985088
66609474
1493443282
1447879239
1036954284
1834179260
775895893
1899557659
1832137885
763762698
1891057376
1328561113
1547460221
789419742
1665238237
2093641952
1247502849
187127341
1703615292
512863891
2033045259
423926633
1053043669
1591611540
2011822811
249033674
1288014050
395027999
109748823
620814135
1602789904
14145477
1323473041
404649434
416411779
737337076
246566219
1791734093
1020280269
219520517
951003612
1923061397
419610428
907295549
1301989080
1193609976
927989713
1074531642
826588402
2097424964
817765562
1994991623
1300749520
965440513
1312264557
573555839
394755758
554239393
524097818
1494731663
2130714265
368745689
1511412726
1602112990
1474108791
630442287
7689551
88453415
2038018324
489852937
754382486
733473136
1436982019
197748577
2075580709
2059699507
1045004051
1517458804
560741892
2084166635
854861506
1516891702
1362398841
1313858998
1722206487
1906789940
1007938613
1545850784
2090444259
77732494
1430575364
412325784
1117931990
509616977
1418416224
1702660009
242070709
1186457388
1298584642
544173922
713034659
1297231751
411326817
1880655100
1628573222
554047929
1021356475
387563031
525871306
945589726
1048050670
1425523922
1202267720
907015470
293458751
395525785
1657401913
2075156488
1660094966
905988170
1056881217
238543817
94743196
1420022604
587512267
1402916757
1160890051
535669002
1924309528
1748080107
1964518042
648352856
908850633
1783426574
542243245
338201152
587086887
1764301335
306607069
1374690507
1071073534
1504234147
1071374625
1875964079
515499578
1337051563
1395199742
1779458369
1874061633
696344158
703122871
810152726
965102508
471911996
143333261
485586911
867799137
1983553419
449475968
905791172
2101030814
582719164
2014273509
81746592
934245804
116556705
709647404
1916891510
235447445
2075645453
1669002593
2090990432
730698292
2027105271
1428720856
40369134
32490533
347798925
1654290378
2105328527
2032105465
675999201
1762906425
1338715893
1450453986
1864148925
2035661992
778637614
528793722
370818663
699341619
2010940311
1218110269
993950542
1715401055
61854490
841936097
309195656
1778652417
1479423774
1014624586
1413315461
249617310
653907977
1799196118
1627337172
1493553310
1164164052
1629962049
576563670
1680431373
1557138307
1589666018
1886454325
732354600
327658568
848489086
155378931
833333385
429572633
1334160572
104289577
1270294815
769346053
1414450599
216310919
2126008510
1450480978
1169369919
1909088042
784448041
919126302
964009861
1783382172
1768268636
1602706268
2145292841
268565992
1511409206
541158608
1182712179
1397737488
1576287447
1160558086
1622265159
308969566
1208904729
2095876418
1085737062
1298726126
1113004807
1176403754
1657104152
401586253
1167262753
1243835196
1452741521
1609277418
1126366419
466222847
812771505
911443957
328949419
1429911247
858976033
1135557303
190879203
949992384
895548875
636930282
1330265056
620678897
151325269
1561957509
322297226
1739739001
824089861
1844575132
636301465
1592287079
1579743877
1780507986
1867299965
1898105802
202982759
588501181
848155454
913645392
495522420
1623852625
963086705
1144603937
1590675271
1213070406
1517794188
1982628393
1112587564
253592491
486358296
1215623788
1386139860
959489373
1466581889
2089740366
1501606719
2079000414
1940130894
1329868534
182130847
1500764726
1655926879
631121325
1723584648
1280248424
805852519
145371219
1546018064
1382801348
1472330726
734103186
1381432337
566473719
1267917593
1633147834
1228841672
1540372285
634759108
2071913223
703374077
1216956470
1622792885
2102075295
65206090
1253662969
1559514218
1465751806
1264867676
114303789
1911138234
947205088
971403845
876499176
1603555554
960590797
194518225
841106475
434802034
1452846956
1633144525
1211167018
924040592
775943613
1412623205
996417245
568208475
541908869
1106637137
2143129273
1681144349
76396124
982138502
1694877675
1521676518
1591588838
1198503094
1313539944
1625756153
1105395172
186140207
1409785157
1952201576
1545928523
1469705636
173946141
1585169158
2018799288
1525750601
56521440
1318724964
257280411
329689187
2036720385
58442170
1795161404
346837245
1079176712
1224387148
1560924936
259252821
1591781887
1221736330
1793610826
461111901
173668619
728604071
1481818362
932835080
762846184
1392469669
137743808
86115683
644740701
474460018
759465935
492493949
4222118
931878951
915808743
706941661
1749095712
465325217
758212542
1430558961
344478318
922445373
672188263
1403254463
229941943
650145425
