0
1
2
77445
4
5
42340
7
8
95218
10
11
12
41583
14
15
24725
17
18
52225
20
21
22
58854
24
25
77861
27
28
56599
30
31
32
31790
34
35
3567
37
38
43224
40
41
42
29365
44
45
97329
47
48
44476
50
51
52
32491
54
55
70278
57
58
2614
60
61
62
97678
64
65
12876
67
68
34542
70
71
72
93479
74
75
88092
77
78
60024
80
81
82
83417
84
85
55449
87
88
10064
90
91
92
47255
94
95
79748
97
98
64423
100
101
102
36888
104
105
91461
107
108
99057
110
111
112
26547
114
115
56443
117
118
25102
120
121
122
2292
124
125
36335
127
128
43094
130
131
132
72016
134
135
22431
137
138
62160
140
141
142
17372
144
145
68063
147
148
41428
150
151
152
156
154
155
6930
157
158
76032
160
161
162
50586
164
165
66120
167
168
54288
170
171
172
93840
174
175
4835
177
178
74517
180
181
182
49566
184
185
25379
187
188
61490
190
191
192
36268
194
195
3174
197
198
95905
200
201
202
12818
204
205
82414
207
208
83106
210
211
212
42140
214
215
16626
217
218
56929
220
221
222
65777
224
225
24684
227
228
78806
230
231
232
49775
234
235
17935
237
238
75656
240
241
242
82316
244
245
52881
247
248
35395
250
251
252
40321
254
255
467
257
258
72185
260
261
262
99498
264
265
16158
267
268
92453
270
271
272
34806
274
275
24735
277
278
71083
280
281
282
26464
284
285
84206
287
288
47937
290
291
292
15509
294
295
99716
297
298
34130
300
301
302
6760
304
305
11307
307
308
87348
310
311
312
21367
314
315
54629
317
318
74415
320
321
322
23896
324
325
36112
327
328
73615
330
331
332
91262
334
335
3061
337
338
43142
340
341
342
80764
344
345
13776
347
348
65566
350
351
352
735
354
355
70789
357
358
18610
360
361
362
90289
364
365
10849
367
368
36794
370
371
372
89869
374
375
11515
377
378
8677
380
381
382
45356
384
385
76751
387
388
86516
390
391
392
32707
394
395
1358
397
398
37257
400
401
402
14520
404
405
6534
407
408
48579
410
411
412
75808
414
415
18390
417
418
25712
420
421
422
96822
424
425
99285
427
428
93358
430
431
432
39103
434
435
12147
437
438
8935
440
441
442
46800
444
445
61534
447
448
14775
450
451
452
21749
454
455
73580
457
458
31291
460
461
462
17554
464
465
43039
467
468
50604
470
471
472
75391
474
475
99220
477
478
59103
480
481
482
95065
484
485
28056
487
488
30461
490
491
492
60625
494
495
47333
497
498
14614
500
501
502
38754
504
505
79092
507
508
20993
510
511
512
84049
514
515
79373
517
518
8104
520
521
522
52744
524
525
58270
527
528
73429
530
531
532
76588
534
535
9504
537
538
96179
540
541
542
13873
544
545
18133
547
548
82785
550
551
552
54523
554
555
69313
557
558
2310
560
561
562
2032
564
565
77429
567
568
5331
570
571
572
72679
574
575
27237
577
578
30436
580
581
582
77698
584
585
38304
587
588
89676
590
591
592
1979
594
595
58696
597
598
64640
600
601
602
92160
604
605
61964
607
608
80683
610
611
612
86210
614
615
52514
617
618
20720
620
621
622
1373
624
625
9483
627
628
47780
630
631
632
40574
634
635
91769
637
638
73118
640
641
642
87547
644
645
23387
647
648
65709
650
651
652
98449
654
655
47194
657
658
2398
660
661
662
84227
664
665
62559
667
668
637
670
671
672
43799
674
675
37031
677
678
49972
680
681
682
43588
684
685
41995
687
688
54926
690
691
692
31829
694
695
40994
697
698
30032
700
701
702
34531
704
705
10710
707
708
79279
710
711
712
70122
714
715
41028
717
718
68729
720
721
722
96092
724
725
43192
727
728
84520
730
731
732
26155
734
735
31009
737
738
66667
740
741
742
15010
744
745
85079
747
748
31084
750
751
752
88744
754
755
36446
757
758
71669
760
761
762
59144
764
765
11376
767
768
27799
770
771
772
90067
774
775
20096
777
778
85420
780
781
782
38292
784
785
94398
787
788
52808
790
791
792
76960
794
795
3468
797
798
79198
800
801
802
35035
804
805
91227
807
808
50203
810
811
812
34970
814
815
44852
817
818
5829
820
821
822
83026
824
825
94710
827
828
56916
830
831
832
58014
834
835
87361
837
838
18955
840
841
842
92818
844
845
10286
847
848
92589
850
851
852
40888
854
855
57580
857
858
54504
860
861
862
51239
864
865
92370
867
868
26072
870
871
872
50902
874
875
12597
877
878
52496
880
881
882
77027
884
885
24328
887
888
26878
890
891
892
60511
894
895
46073
897
898
52324
900
901
902
30107
904
905
30710
907
908
20361
910
911
912
57131
914
915
7473
917
918
42354
920
921
922
49145
924
925
33019
927
928
40943
930
931
932
14401
934
935
79610
937
938
19688
940
941
942
16063
944
945
16579
947
948
41243
950
951
952
43985
954
955
83883
957
958
68946
960
961
962
3375
964
965
81169
967
968
39501
970
971
972
50414
974
975
17861
977
978
72888
980
981
982
69262
984
985
40409
987
988
58658
990
991
992
439
994
995
33512
997
998
92315
