0
1
2
56673
4
5
43690
7
8
40873
10
11
12
54697
14
15
46553
17
18
34519
20
21
22
25928
24
25
8962
27
28
40357
30
31
32
42212
34
35
80146
37
38
97112
40
41
42
22078
44
45
75694
47
48
79357
50
51
52
87215
54
55
29490
57
58
68123
60
61
62
29739
64
65
29648
67
68
60925
70
71
72
45695
74
75
95280
77
78
62769
80
81
82
80957
84
85
1190
87
88
68381
90
91
92
78919
94
95
69260
97
98
99021
100
101
102
52045
104
105
5390
107
108
18544
110
111
112
24348
114
115
44859
117
118
84574
120
121
122
84237
124
125
64624
127
128
29686
130
131
132
8856
134
135
75874
137
138
74298
140
141
142
80055
144
145
90960
147
148
11855
150
151
152
51756
154
155
16275
157
158
62627
160
161
162
44974
164
165
66808
167
168
27461
170
171
172
38076
174
175
35988
177
178
4096
180
181
182
26343
184
185
12953
187
188
43039
190
191
192
66901
194
195
16702
197
198
99998
200
201
202
40044
204
205
97141
207
208
82986
210
211
212
25797
214
215
2429
217
218
83301
220
221
222
2257
224
225
31276
227
228
9271
230
231
232
8263
234
235
90216
237
238
49946
240
241
242
3501
244
245
39536
247
248
93559
250
251
252
14864
254
255
78616
257
258
90013
260
261
262
29144
264
265
10305
267
268
1145
270
271
272
69259
274
275
84241
277
278
63371
280
281
282
82211
284
285
49241
287
288
44003
290
291
292
62282
294
295
16529
297
298
78990
300
301
302
6580
304
305
70591
307
308
5415
310
311
312
77432
314
315
30399
317
318
74854
320
321
322
93967
324
325
96274
327
328
81987
330
331
332
17430
334
335
21824
337
338
19527
340
341
342
91307
344
345
721
347
348
40586
350
351
352
81628
354
355
94362
357
358
81509
360
361
362
36135
364
365
75021
367
368
65130
370
371
372
26151
374
375
56351
377
378
40810
380
381
382
23725
384
385
59074
387
388
23894
390
391
392
41342
394
395
30678
397
398
32281
400
401
402
55323
404
405
30492
407
408
22490
410
411
412
17867
414
415
22355
417
418
56587
420
421
422
79555
424
425
36181
427
428
14101
430
431
432
45968
434
435
7764
437
438
81120
440
441
442
2748
444
445
32933
447
448
19158
450
451
452
20000
454
455
82900
457
458
51516
460
461
462
49144
464
465
21993
467
468
29854
470
471
472
38579
474
475
35117
477
478
84396
480
481
482
21793
484
485
36964
487
488
67213
490
491
492
89241
494
495
38933
497
498
4490
500
501
502
27373
504
505
87398
507
508
20633
510
511
512
65081
514
515
42985
517
518
42776
520
521
522
15781
524
525
71239
527
528
59092
530
531
532
42865
534
535
64101
537
538
79672
540
541
542
89780
544
545
19997
547
548
28177
550
551
552
79863
554
555
56672
557
558
25494
560
561
562
63229
564
565
9836
567
568
23541
570
571
572
6659
574
575
62893
577
578
86865
580
581
582
64065
584
585
37826
587
588
24602
590
591
592
28315
594
595
24817
597
598
51836
600
601
602
32515
604
605
92321
607
608
39803
610
611
612
89471
614
615
88056
617
618
18109
620
621
622
46387
624
625
18837
627
628
45750
630
631
632
80451
634
635
57257
637
638
30483
640
641
642
21828
644
645
74693
647
648
95902
650
651
652
42080
654
655
21014
657
658
55067
660
661
662
98818
664
665
19730
667
668
59292
670
671
672
21625
674
675
67376
677
678
68587
680
681
682
99927
684
685
28924
687
688
87127
690
691
692
91469
694
695
87253
697
698
64153
700
701
702
52472
704
705
22442
707
708
31403
710
711
712
87417
714
715
42995
717
718
2865
720
721
722
7731
724
725
56385
727
728
27471
730
731
732
59037
734
735
49859
737
738
40436
740
741
742
83715
744
745
44096
747
748
61543
750
751
752
59737
754
755
76478
757
758
58382
760
761
762
98356
764
765
2523
767
768
74177
770
771
772
80152
774
775
2003
777
778
50183
780
781
782
992
784
785
20127
787
788
87742
790
791
792
497
794
795
92541
797
798
9804
800
801
802
43509
804
805
91850
807
808
9337
810
811
812
90487
814
815
88911
817
818
32990
820
821
822
30579
824
825
61502
827
828
59563
830
831
832
13828
834
835
2439
837
838
7710
840
841
842
64579
844
845
48477
847
848
84950
850
851
852
42359
854
855
96258
857
858
83855
860
861
862
13649
864
865
38844
867
868
88471
870
871
872
53070
874
875
65252
877
878
94695
880
881
882
86965
884
885
66125
887
888
37839
890
891
892
12291
894
895
7800
897
898
54805
900
901
902
16276
904
905
14258
907
908
30836
910
911
912
50389
914
915
69991
917
918
79877
920
921
922
57962
924
925
1056
927
928
9419
930
931
932
56559
934
935
89316
937
938
59163
940
941
942
59738
944
945
39408
947
948
74962
950
951
952
45122
954
955
20607
957
958
13493
960
961
962
81143
964
965
31768
967
968
72465
970
971
972
50454
974
975
83897
977
978
40160
980
981
982
84996
984
985
2725
987
988
80790
990
991
992
83110
994
995
29765
997
998
17151
1000
1001
1002
15519
1004
1005
90122
1007
1008
60629
1010
1011
1012
4396
1014
1015
27191
1017
1018
14108
1020
1021
1022
9806
1024
1025
375
1027
1028
47259
1030
1031
1032
32325
1034
1035
39541
1037
1038
72150
1040
1041
1042
9951
1044
1045
85469
1047
1048
15576
1050
1051
1052
14888
1054
1055
66778
1057
1058
47604
1060
1061
1062
64294
1064
1065
56586
1067
1068
8294
1070
1071
1072
94053
1074
1075
37511
1077
1078
49792
1080
1081
1082
27042
1084
1085
76633
1087
1088
57862
1090
1091
1092
70496
1094
1095
12784
1097
1098
2212
1100
1101
1102
37775
1104
1105
16154
1107
1108
5333
1110
1111
1112
42183
1114
1115
77400
1117
1118
70126
1120
1121
1122
28195
1124
1125
88045
1127
1128
87962
1130
1131
1132
22590
1134
1135
86333
1137
1138
77635
1140
1141
1142
71238
1144
1145
17450
1147
1148
98956
1150
1151
1152
37832
1154
1155
90252
1157
1158
53043
1160
1161
1162
52162
1164
1165
76894
1167
1168
75343
1170
1171
1172
94710
1174
1175
77822
1177
1178
20582
1180
1181
1182
53954
1184
1185
81362
1187
1188
60238
1190
1191
1192
32689
1194
1195
57550
1197
1198
77113
1200
1201
1202
79044
1204
1205
2365
1207
1208
71324
1210
1211
1212
54215
1214
1215
33392
1217
1218
16387
1220
1221
1222
40421
1224
1225
8970
1227
1228
22385
1230
1231
1232
33520
1234
1235
16320
1237
1238
54943
1240
1241
1242
44578
1244
1245
23164
1247
1248
5387
1250
1251
1252
20458
1254
1255
77013
1257
1258
20864
1260
1261
1262
73903
1264
1265
45771
1267
1268
56369
1270
1271
1272
12670
1274
1275
19997
1277
1278
51708
1280
1281
1282
92133
1284
1285
96932
1287
1288
19180
1290
1291
1292
36242
1294
1295
75557
1297
1298
97931
1300
1301
1302
41435
1304
1305
852
1307
1308
17255
1310
1311
1312
30474
1314
1315
22887
1317
1318
94931
1320
1321
1322
49953
1324
1325
91806
1327
1328
24479
1330
1331
1332
51551
1334
1335
1460
1337
1338
37830
1340
1341
1342
46346
1344
1345
74359
1347
1348
72422
1350
1351
1352
87939
1354
1355
29214
1357
1358
42175
1360
1361
1362
25621
1364
1365
90851
1367
1368
78895
1370
1371
1372
34033
1374
1375
97395
1377
1378
90092
1380
1381
1382
18150
1384
1385
24400
1387
1388
89277
1390
1391
1392
99884
1394
1395
46446
1397
1398
66521
1400
1401
1402
51985
1404
1405
95049
1407
1408
84501
1410
1411
1412
93330
1414
1415
21508
1417
1418
7389
1420
1421
1422
56254
1424
1425
3517
1427
1428
83385
1430
1431
1432
52301
1434
1435
53936
1437
1438
74587
1440
1441
1442
39389
1444
1445
50583
1447
1448
21593
1450
1451
1452
82753
1454
1455
52386
1457
1458
77586
1460
1461
1462
64301
1464
1465
35995
1467
1468
20977
1470
1471
1472
66735
1474
1475
87653
1477
1478
31660
1480
1481
1482
51122
1484
1485
1932
1487
1488
6201
1490
1491
1492
36845
1494
1495
59102
1497
1498
15396
1500
1501
1502
49874
1504
1505
33330
1507
1508
25184
1510
1511
1512
34563
1514
1515
50667
1517
1518
68780
1520
1521
1522
30578
1524
1525
60381
1527
1528
24632
1530
1531
1532
13196
1534
1535
61762
1537
1538
5908
1540
1541
1542
40071
1544
1545
92341
1547
1548
37314
1550
1551
1552
97197
1554
1555
8279
1557
1558
89611
1560
1561
1562
86444
1564
1565
50158
1567
1568
44773
1570
1571
1572
47450
1574
1575
49084
1577
1578
17040
1580
1581
1582
56699
1584
1585
36410
1587
1588
97614
1590
1591
1592
54751
1594
1595
6388
1597
1598
97825
1600
1601
1602
10526
1604
1605
72958
1607
1608
91648
1610
1611
1612
35800
1614
1615
7610
1617
1618
98749
1620
1621
1622
94171
1624
1625
84067
1627
1628
80251
1630
1631
1632
7107
1634
1635
2875
1637
1638
10454
1640
1641
1642
2917
1644
1645
19703
1647
1648
86464
1650
1651
1652
87459
1654
1655
45622
1657
1658
82995
1660
1661
1662
55699
1664
1665
76117
1667
1668
40273
1670
1671
1672
14457
1674
1675
90766
1677
1678
15227
1680
1681
1682
58276
1684
1685
57388
1687
1688
87028
1690
1691
1692
92171
1694
1695
83745
1697
1698
75437
1700
1701
1702
77844
1704
1705
44743
1707
1708
54393
1710
1711
1712
99984
1714
1715
4908
1717
1718
95773
1720
1721
1722
75592
1724
1725
14150
1727
1728
2804
1730
1731
1732
83087
1734
1735
71777
1737
1738
71565
1740
1741
1742
81034
1744
1745
16825
1747
1748
93113
1750
1751
1752
22749
1754
1755
61674
1757
1758
46054
1760
1761
1762
69399
1764
1765
60614
1767
1768
68769
1770
1771
1772
77502
1774
1775
78935
1777
1778
61543
1780
1781
1782
38521
1784
1785
72154
1787
1788
50077
1790
1791
1792
83339
1794
1795
93986
1797
1798
19996
1800
1801
1802
49713
1804
1805
46219
1807
1808
31261
1810
1811
1812
56727
1814
1815
30126
1817
1818
17251
1820
1821
1822
35706
1824
1825
79170
1827
1828
9751
1830
1831
1832
43328
1834
1835
43239
1837
1838
87004
1840
1841
1842
93860
1844
1845
73340
1847
1848
6303
1850
1851
1852
109
1854
1855
9209
1857
1858
27772
1860
1861
1862
49271
1864
1865
27769
1867
1868
10347
1870
1871
1872
91717
1874
1875
12805
1877
1878
39017
1880
1881
1882
11559
1884
1885
62709
1887
1888
23457
1890
1891
1892
62062
1894
1895
42252
1897
1898
231
1900
1901
1902
37824
1904
1905
53691
1907
1908
67798
1910
1911
1912
77039
1914
1915
52367
1917
1918
9159
1920
1921
1922
29248
1924
1925
6833
1927
1928
51436
1930
1931
1932
12253
1934
1935
59210
1937
1938
30949
1940
1941
1942
9931
1944
1945
17866
1947
1948
35034
1950
1951
1952
65287
1954
1955
71163
1957
1958
20289
1960
1961
1962
49822
1964
1965
16465
1967
1968
47542
1970
1971
1972
84868
1974
1975
73123
1977
1978
85187
1980
1981
1982
35069
1984
1985
29832
1987
1988
31709
1990
1991
1992
55529
1994
1995
26727
1997
1998
52455
2000
2001
2002
90901
2004
2005
61982
2007
2008
55055
2010
2011
2012
64954
2014
2015
14098
2017
2018
9743
2020
2021
2022
29003
2024
2025
29984
2027
2028
91830
2030
2031
2032
62118
2034
2035
37413
2037
2038
42620
2040
2041
2042
85955
2044
2045
83853
2047
2048
17149
2050
2051
2052
71809
2054
2055
4151
2057
2058
70348
2060
2061
2062
75909
2064
2065
84692
2067
2068
68748
2070
2071
2072
97300
2074
2075
92887
2077
2078
2196
2080
2081
2082
29144
2084
2085
80956
2087
2088
2672
2090
2091
2092
63441
2094
2095
2612
2097
2098
50140
2100
2101
2102
38776
2104
2105
3433
2107
2108
72888
2110
2111
2112
41499
2114
2115
18621
2117
2118
33196
2120
2121
2122
29361
2124
2125
61408
2127
2128
48450
2130
2131
2132
85004
2134
2135
38507
2137
2138
73174
2140
2141
2142
45408
2144
2145
75007
2147
2148
95034
2150
2151
2152
14065
2154
2155
66751
2157
2158
98903
2160
2161
2162
90575
2164
2165
50529
2167
2168
17720
2170
2171
2172
53155
2174
2175
67547
2177
2178
27098
2180
2181
2182
95139
2184
2185
38414
2187
2188
56438
2190
2191
2192
54244
2194
2195
49197
2197
2198
56406
2200
2201
2202
49672
2204
2205
42139
2207
2208
31120
2210
2211
2212
52136
2214
2215
46117
2217
2218
32560
2220
2221
2222
50144
2224
2225
79545
2227
2228
45814
2230
2231
2232
17688
2234
2235
37760
2237
2238
78664
2240
2241
2242
64753
2244
2245
16605
2247
2248
998
2250
2251
2252
71506
2254
2255
35523
2257
2258
54436
2260
2261
2262
97454
2264
2265
96447
2267
2268
4064
2270
2271
2272
29347
2274
2275
4084
2277
2278
56437
2280
2281
2282
62406
2284
2285
57923
2287
2288
39919
2290
2291
2292
32290
2294
2295
20115
2297
2298
32208
2300
2301
2302
15894
2304
2305
31890
2307
2308
78329
2310
2311
2312
85331
2314
2315
67155
2317
2318
35644
2320
2321
2322
4613
2324
2325
11529
2327
2328
61828
2330
2331
2332
22841
2334
2335
86795
2337
2338
49946
2340
2341
2342
9562
2344
2345
56480
2347
2348
88274
2350
2351
2352
9258
2354
2355
55339
2357
2358
70793
2360
2361
2362
525
2364
2365
57660
2367
2368
7253
2370
2371
2372
6871
2374
2375
13151
2377
2378
17581
2380
2381
2382
56430
2384
2385
28453
2387
2388
40259
2390
2391
2392
50875
2394
2395
68572
2397
2398
82912
2400
2401
2402
76605
2404
2405
95137
2407
2408
50213
2410
2411
2412
28011
2414
2415
30893
2417
2418
79775
2420
2421
2422
39817
2424
2425
77367
2427
2428
22191
2430
2431
2432
32003
2434
2435
59715
2437
2438
70679
2440
2441
2442
10630
2444
2445
91638
2447
2448
74934
2450
2451
2452
61770
2454
2455
31511
2457
2458
22791
2460
2461
2462
71470
2464
2465
70800
2467
2468
40064
2470
2471
2472
52030
2474
2475
46774
2477
2478
26241
2480
2481
2482
85613
2484
2485
699
2487
2488
4704
2490
2491
2492
79039
2494
2495
92171
2497
2498
10020
2500
2501
2502
4583
2504
2505
81819
2507
2508
77863
2510
2511
2512
25961
2514
2515
21862
2517
2518
51474
2520
2521
2522
5721
2524
2525
82150
2527
2528
13155
2530
2531
2532
15158
2534
2535
91018
2537
2538
33115
2540
2541
2542
99475
2544
2545
27443
2547
2548
79372
2550
2551
2552
27740
2554
2555
8447
2557
2558
77341
2560
2561
2562
12140
2564
2565
17168
2567
2568
16744
2570
2571
2572
85105
2574
2575
45672
2577
2578
67950
2580
2581
2582
57793
2584
2585
87062
2587
2588
38604
2590
2591
2592
12706
2594
2595
25009
2597
2598
20439
2600
2601
2602
83233
2604
2605
91379
2607
2608
64048
2610
2611
2612
5709
2614
2615
56204
2617
2618
50755
2620
2621
2622
86641
2624
2625
1970
2627
2628
73103
2630
2631
2632
78702
2634
2635
85997
2637
2638
66741
2640
2641
2642
79473
2644
2645
68044
2647
2648
53502
2650
2651
2652
23232
2654
2655
36120
2657
2658
23955
2660
2661
2662
18308
2664
2665
29525
2667
2668
68892
2670
2671
2672
96776
2674
2675
1997
2677
2678
39382
2680
2681
2682
76291
2684
2685
39329
2687
2688
30534
2690
2691
2692
96995
2694
2695
99649
2697
2698
90662
2700
2701
2702
56350
2704
2705
4881
2707
2708
57072
2710
2711
2712
68196
2714
2715
98756
2717
2718
39842
2720
2721
2722
41675
2724
2725
88945
2727
2728
61714
2730
2731
2732
60953
2734
2735
99093
2737
2738
67008
2740
2741
2742
4943
2744
2745
56748
2747
2748
19865
2750
2751
2752
1060
2754
2755
16047
2757
2758
62895
2760
2761
2762
3845
2764
2765
75485
2767
2768
96376
2770
2771
2772
44394
2774
2775
30431
2777
2778
15074
2780
2781
2782
83483
2784
2785
13034
2787
2788
54672
2790
2791
2792
6413
2794
2795
61259
2797
2798
75672
2800
2801
2802
64780
2804
2805
65500
2807
2808
16621
2810
2811
2812
46517
2814
2815
55451
2817
2818
63211
2820
2821
2822
39979
2824
2825
35881
2827
2828
59686
2830
2831
2832
80021
2834
2835
31071
2837
2838
78946
2840
2841
2842
80030
2844
2845
2263
2847
2848
46921
2850
2851
2852
88285
2854
2855
66195
2857
2858
91814
2860
2861
2862
4955
2864
2865
61808
2867
2868
87809
2870
2871
2872
28688
2874
2875
42035
2877
2878
56538
2880
2881
2882
37710
2884
2885
83242
2887
2888
84636
2890
2891
2892
51685
2894
2895
66323
2897
2898
80361
2900
2901
2902
73302
2904
2905
47759
2907
2908
91246
2910
2911
2912
75099
2914
2915
92324
2917
2918
58138
2920
2921
2922
93051
2924
2925
22227
2927
2928
2085
2930
2931
2932
91833
2934
2935
8054
2937
2938
27146
2940
2941
2942
2322
2944
2945
5014
2947
2948
71317
2950
2951
2952
20499
2954
2955
47680
2957
2958
20026
2960
2961
2962
23119
2964
2965
67433
2967
2968
10513
2970
2971
2972
43971
2974
2975
10399
2977
2978
5456
2980
2981
2982
98270
2984
2985
5103
2987
2988
97399
2990
2991
2992
21222
2994
2995
78067
2997
2998
93257
3000
3001
3002
9894
3004
3005
94268
3007
3008
12321
3010
3011
3012
25089
3014
3015
20893
3017
3018
20265
3020
3021
3022
69243
3024
3025
74397
3027
3028
34891
3030
3031
3032
48277
3034
3035
74078
3037
3038
9636
3040
3041
3042
71243
3044
3045
72653
3047
3048
98417
3050
3051
3052
67733
3054
3055
1268
3057
3058
10912
3060
3061
3062
16668
3064
3065
72147
3067
3068
45455
3070
3071
3072
65088
3074
3075
23174
3077
3078
4430
3080
3081
3082
69626
3084
3085
69438
3087
3088
75264
3090
3091
3092
75409
3094
3095
68124
3097
3098
34252
3100
3101
3102
27794
3104
3105
76339
3107
3108
21283
3110
3111
3112
28369
3114
3115
29705
3117
3118
41540
3120
3121
3122
84053
3124
3125
26916
3127
3128
77537
3130
3131
3132
99183
3134
3135
95405
3137
3138
21723
3140
3141
3142
910
3144
3145
75681
3147
3148
83972
3150
3151
3152
60384
3154
3155
37272
3157
3158
53719
3160
3161
3162
76507
3164
3165
29201
3167
3168
20988
3170
3171
3172
91237
3174
3175
22299
3177
3178
188
3180
3181
3182
48900
3184
3185
19333
3187
3188
89930
3190
3191
3192
33006
3194
3195
21911
3197
3198
67561
3200
3201
3202
93582
3204
3205
15978
3207
3208
75438
3210
3211
3212
99144
3214
3215
2045
3217
3218
8106
3220
3221
3222
14298
3224
3225
22574
3227
3228
26733
3230
3231
3232
70385
3234
3235
56796
3237
3238
86880
3240
3241
3242
4795
3244
3245
44677
3247
3248
34960
3250
3251
3252
17913
3254
3255
68225
3257
3258
87637
3260
3261
3262
93017
3264
3265
57321
3267
3268
46296
3270
3271
3272
2001
3274
3275
97623
3277
3278
43191
3280
3281
3282
83266
3284
3285
26892
3287
3288
46201
3290
3291
3292
64911
3294
3295
73915
3297
3298
26146
3300
3301
3302
58632
3304
3305
94644
3307
3308
72793
3310
3311
3312
59718
3314
3315
62408
3317
3318
29
3320
3321
3322
35076
3324
3325
72802
3327
3328
94139
3330
3331
3332
28195
3334
3335
9572
3337
3338
72535
3340
3341
3342
52070
3344
3345
7847
3347
3348
6554
3350
3351
3352
8052
3354
3355
9720
3357
3358
35776
3360
3361
3362
8608
3364
3365
47329
3367
3368
88331
3370
3371
3372
56256
3374
3375
74232
3377
3378
35846
3380
3381
3382
95270
3384
3385
36147
3387
3388
3216
3390
3391
3392
20308
3394
3395
7264
3397
3398
32135
3400
3401
3402
56005
3404
3405
75954
3407
3408
30590
3410
3411
3412
77016
3414
3415
22558
3417
3418
92783
3420
3421
3422
41667
3424
3425
60858
3427
3428
93292
3430
3431
3432
22979
3434
3435
84265
3437
3438
79796
3440
3441
3442
87262
3444
3445
14248
3447
3448
25564
3450
3451
3452
8633
3454
3455
46610
3457
3458
96198
3460
3461
3462
74314
3464
3465
79352
3467
3468
7146
3470
3471
3472
75613
3474
3475
90404
3477
3478
35211
3480
3481
3482
11343
3484
3485
20036
3487
3488
83993
3490
3491
3492
55726
3494
3495
23945
3497
3498
1837
3500
3501
3502
89198
3504
3505
42030
3507
3508
55616
3510
3511
3512
61119
3514
3515
80323
3517
3518
77578
3520
3521
3522
99276
3524
3525
83949
3527
3528
55643
3530
3531
3532
18406
3534
3535
6676
3537
3538
92582
3540
3541
3542
70909
3544
3545
58488
3547
3548
59891
3550
3551
3552
57553
3554
3555
79230
3557
3558
65685
3560
3561
3562
60312
3564
3565
65180
3567
3568
573
3570
3571
3572
49036
3574
3575
79341
3577
3578
42958
3580
3581
3582
62261
3584
3585
22863
3587
3588
11801
3590
3591
3592
94648
3594
3595
23848
3597
3598
87554
3600
3601
3602
10255
3604
3605
39951
3607
3608
46399
3610
3611
3612
2988
3614
3615
68930
3617
3618
37322
3620
3621
3622
89277
3624
3625
26157
3627
3628
5176
3630
3631
3632
30091
3634
3635
86975
3637
3638
12701
3640
3641
3642
33804
3644
3645
67421
3647
3648
59568
3650
3651
3652
80234
3654
3655
9183
3657
3658
57365
3660
3661
3662
52744
3664
3665
34643
3667
3668
68946
3670
3671
3672
62528
3674
3675
53555
3677
3678
62993
3680
3681
3682
93288
3684
3685
15978
3687
3688
5997
3690
3691
3692
43178
3694
3695
88444
3697
3698
18352
3700
3701
3702
61468
3704
3705
84701
3707
3708
68358
3710
3711
3712
46332
3714
3715
32630
3717
3718
79299
3720
3721
3722
83057
3724
3725
48296
3727
3728
28019
3730
3731
3732
44318
3734
3735
29117
3737
3738
81943
3740
3741
3742
67370
3744
3745
65784
3747
3748
11254
3750
3751
3752
38323
3754
3755
73163
3757
3758
12245
3760
3761
3762
22739
3764
3765
51123
3767
3768
69034
3770
3771
3772
68771
3774
3775
29879
3777
3778
14476
3780
3781
3782
4296
3784
3785
53053
3787
3788
28601
3790
3791
3792
61321
3794
3795
3204
3797
3798
24962
3800
3801
3802
86202
3804
3805
83859
3807
3808
37532
3810
3811
3812
30423
3814
3815
38532
3817
3818
10984
3820
3821
3822
79584
3824
3825
63110
3827
3828
45858
3830
3831
3832
53424
3834
3835
59843
3837
3838
56614
3840
3841
3842
16461
3844
3845
72142
3847
3848
6539
3850
3851
3852
15285
3854
3855
79804
3857
3858
90338
3860
3861
3862
5704
3864
3865
61896
3867
3868
24075
3870
3871
3872
95693
3874
3875
46056
3877
3878
76744
3880
3881
3882
77308
3884
3885
17062
3887
3888
98445
3890
3891
3892
533
3894
3895
65192
3897
3898
34010
3900
3901
3902
67623
3904
3905
35850
3907
3908
59758
3910
3911
3912
55222
3914
3915
8742
3917
3918
1052
3920
3921
3922
18336
3924
3925
12334
3927
3928
63223
3930
3931
3932
31649
3934
3935
96344
3937
3938
85076
3940
3941
3942
24874
3944
3945
10666
3947
3948
89707
3950
3951
3952
24156
3954
3955
6809
3957
3958
8627
3960
3961
3962
86750
3964
3965
7208
3967
3968
72215
3970
3971
3972
91297
3974
3975
83775
3977
3978
2729
3980
3981
3982
55211
3984
3985
84188
3987
3988
22706
3990
3991
3992
49228
3994
3995
75585
3997
3998
84598
4000
4001
4002
83866
4004
4005
57088
4007
4008
51305
4010
4011
4012
57544
4014
4015
22925
4017
4018
27861
4020
4021
4022
28786
4024
4025
49986
4027
4028
16131
4030
4031
4032
3094
4034
4035
18632
4037
4038
59662
4040
4041
4042
18795
4044
4045
43345
4047
4048
54665
4050
4051
4052
62161
4054
4055
72654
4057
4058
67445
4060
4061
4062
55183
4064
4065
89964
4067
4068
52317
4070
4071
4072
63768
4074
4075
48299
4077
4078
42464
4080
4081
4082
25495
4084
4085
24603
4087
4088
87682
4090
4091
4092
36369
4094
4095
69982
4097
4098
22073
4100
4101
4102
12256
4104
4105
5135
4107
4108
60022
4110
4111
4112
91474
4114
4115
41988
4117
4118
2776
4120
4121
4122
85338
4124
4125
88896
4127
4128
13114
4130
4131
4132
86865
4134
4135
4015
4137
4138
60388
4140
4141
4142
90026
4144
4145
55339
4147
4148
43628
4150
4151
4152
6799
4154
4155
5084
4157
4158
79587
4160
4161
4162
26304
4164
4165
17497
4167
4168
20846
4170
4171
4172
28580
4174
4175
23670
4177
4178
35519
4180
4181
4182
92002
4184
4185
41197
4187
4188
69925
4190
4191
4192
80834
4194
4195
88767
4197
4198
28166
4200
4201
4202
32916
4204
4205
62837
4207
4208
14891
4210
4211
4212
41819
4214
4215
14811
4217
4218
46828
4220
4221
4222
64248
4224
4225
38091
4227
4228
52800
4230
4231
4232
79401
4234
4235
91403
4237
4238
30003
4240
4241
4242
16291
4244
4245
6763
4247
4248
42402
4250
4251
4252
23714
4254
4255
85444
4257
4258
5444
4260
4261
4262
68577
4264
4265
26892
4267
4268
45216
4270
4271
4272
31992
4274
4275
7956
4277
4278
75495
4280
4281
4282
23918
4284
4285
17049
4287
4288
10826
4290
4291
4292
47674
4294
4295
46639
4297
4298
13369
4300
4301
4302
1692
4304
4305
40866
4307
4308
25970
4310
4311
4312
14198
4314
4315
35041
4317
4318
14092
4320
4321
4322
69446
4324
4325
27998
4327
4328
53285
4330
4331
4332
78566
4334
4335
78780
4337
4338
1308
4340
4341
4342
16000
4344
4345
12654
4347
4348
25352
4350
4351
4352
37370
4354
4355
60516
4357
4358
63820
4360
4361
4362
58650
4364
4365
60238
4367
4368
48026
4370
4371
4372
23834
4374
4375
91976
4377
4378
95431
4380
4381
4382
88238
4384
4385
53869
4387
4388
2310
4390
4391
4392
57141
4394
4395
72061
4397
4398
56528
4400
4401
4402
34082
4404
4405
65378
4407
4408
22809
4410
4411
4412
11887
4414
4415
87773
4417
4418
48712
4420
4421
4422
2892
4424
4425
26435
4427
4428
18409
4430
4431
4432
56531
4434
4435
82579
4437
4438
49555
4440
4441
4442
83263
4444
4445
98505
4447
4448
9594
4450
4451
4452
82755
4454
4455
9417
4457
4458
70330
4460
4461
4462
30339
4464
4465
96630
4467
4468
3071
4470
4471
4472
15456
4474
4475
75317
4477
4478
75728
4480
4481
4482
40978
4484
4485
14602
4487
4488
83217
4490
4491
4492
99652
4494
4495
24635
4497
4498
20958
4500
4501
4502
84629
4504
4505
46387
4507
4508
6631
4510
4511
4512
6651
4514
4515
62120
4517
4518
47070
4520
4521
4522
85812
4524
4525
68426
4527
4528
74084
4530
4531
4532
89384
4534
4535
83885
4537
4538
86543
4540
4541
4542
29328
4544
4545
33460
4547
4548
90119
4550
4551
4552
79310
4554
4555
24457
4557
4558
70082
4560
4561
4562
63306
4564
4565
67506
4567
4568
33620
4570
4571
4572
41417
4574
4575
88108
4577
4578
69086
4580
4581
4582
29801
4584
4585
58552
4587
4588
16081
4590
4591
4592
59212
4594
4595
80345
4597
4598
84425
4600
4601
4602
11121
4604
4605
70018
4607
4608
68108
4610
4611
4612
86679
4614
4615
8436
4617
4618
73367
4620
4621
4622
88174
4624
4625
28189
4627
4628
56034
4630
4631
4632
65192
4634
4635
65450
4637
4638
46175
4640
4641
4642
42630
4644
4645
25548
4647
4648
58906
4650
4651
4652
16847
4654
4655
40764
4657
4658
93204
4660
4661
4662
53937
4664
4665
64218
4667
4668
24884
4670
4671
4672
48853
4674
4675
97405
4677
4678
60397
4680
4681
4682
61560
4684
4685
91648
4687
4688
62102
4690
4691
4692
23196
4694
4695
28350
4697
4698
36840
4700
4701
4702
41170
4704
4705
17470
4707
4708
84198
4710
4711
4712
94898
4714
4715
77660
4717
4718
94881
4720
4721
4722
46579
4724
4725
25912
4727
4728
92685
4730
4731
4732
65166
4734
4735
50373
4737
4738
58232
4740
4741
4742
15808
4744
4745
34310
4747
4748
40562
4750
4751
4752
22811
4754
4755
91837
4757
4758
80950
4760
4761
4762
17511
4764
4765
95363
4767
4768
22961
4770
4771
4772
54076
4774
4775
28846
4777
4778
69032
4780
4781
4782
87173
4784
4785
49846
4787
4788
2620
4790
4791
4792
41279
4794
4795
90919
4797
4798
75852
4800
4801
4802
74295
4804
4805
58095
4807
4808
96474
4810
4811
4812
58753
4814
4815
53748
4817
4818
86603
4820
4821
4822
33670
4824
4825
29922
4827
4828
54940
4830
4831
4832
92919
4834
4835
56727
4837
4838
53958
4840
4841
4842
17454
4844
4845
98071
4847
4848
21665
4850
4851
4852
87524
4854
4855
17340
4857
4858
99549
4860
4861
4862
65992
4864
4865
77555
4867
4868
49153
4870
4871
4872
78334
4874
4875
11282
4877
4878
8630
4880
4881
4882
72020
4884
4885
63987
4887
4888
46557
4890
4891
4892
41148
4894
4895
69406
4897
4898
99873
4900
4901
4902
57174
4904
4905
14429
4907
4908
86354
4910
4911
4912
18608
4914
4915
11406
4917
4918
4413
4920
4921
4922
50658
4924
4925
13813
4927
4928
27678
4930
4931
4932
77861
4934
4935
25021
4937
4938
24721
4940
4941
4942
33434
4944
4945
56640
4947
4948
10301
4950
4951
4952
83147
4954
4955
28530
4957
4958
82779
4960
4961
4962
27489
4964
4965
92591
4967
4968
55625
4970
4971
4972
24963
4974
4975
25698
4977
4978
77333
4980
4981
4982
91690
4984
4985
78901
4987
4988
94327
4990
4991
4992
98912
4994
4995
14922
4997
4998
5120
5000
5001
5002
29022
5004
5005
46798
5007
5008
71147
5010
5011
5012
48953
5014
5015
93103
5017
5018
24743
5020
5021
5022
8860
5024
5025
80754
5027
5028
86084
5030
5031
5032
86805
5034
5035
47332
5037
5038
4599
5040
5041
5042
50798
5044
5045
74219
5047
5048
32007
5050
5051
5052
12639
5054
5055
64495
5057
5058
73716
5060
5061
5062
66426
5064
5065
36872
5067
5068
43408
5070
5071
5072
33275
5074
5075
69102
5077
5078
77634
5080
5081
5082
20217
5084
5085
63072
5087
5088
64379
5090
5091
5092
34464
5094
5095
74114
5097
5098
61220
5100
5101
5102
99274
5104
5105
34023
5107
5108
61138
5110
5111
5112
38231
5114
5115
82738
5117
5118
98778
5120
5121
5122
15046
5124
5125
3443
5127
5128
92384
5130
5131
5132
88630
5134
5135
95377
5137
5138
14119
5140
5141
5142
50475
5144
5145
42751
5147
5148
57565
5150
5151
5152
72774
5154
5155
62181
5157
5158
71786
5160
5161
5162
81566
5164
5165
43872
5167
5168
48738
5170
5171
5172
4509
5174
5175
11585
5177
5178
29549
5180
5181
5182
78556
5184
5185
62062
5187
5188
69205
5190
5191
5192
89747
5194
5195
7922
5197
5198
4127
5200
5201
5202
33052
5204
5205
82773
5207
5208
98515
5210
5211
5212
34785
5214
5215
25164
5217
5218
91334
5220
5221
5222
23347
5224
5225
83688
5227
5228
65863
5230
5231
5232
80685
5234
5235
22215
5237
5238
77172
5240
5241
5242
68170
5244
5245
52087
5247
5248
82908
5250
5251
5252
1391
5254
5255
51460
5257
5258
11806
5260
5261
5262
58966
5264
5265
37214
5267
5268
65637
5270
5271
5272
45450
5274
5275
29016
5277
5278
45706
5280
5281
5282
167
5284
5285
86759
5287
5288
92887
5290
5291
5292
59403
5294
5295
23841
5297
5298
58650
5300
5301
5302
27564
5304
5305
83022
5307
5308
72510
5310
5311
5312
87053
5314
5315
14911
5317
5318
73560
5320
5321
5322
11499
5324
5325
69748
5327
5328
76715
5330
5331
5332
15819
5334
5335
22410
5337
5338
28298
5340
5341
5342
2713
5344
5345
34770
5347
5348
21322
5350
5351
5352
71556
5354
5355
39074
5357
5358
13120
5360
5361
5362
38197
5364
5365
75281
5367
5368
69047
5370
5371
5372
17432
5374
5375
90018
5377
5378
23650
5380
5381
5382
75653
5384
5385
32073
5387
5388
12529
5390
5391
5392
33001
5394
5395
37312
5397
5398
40902
5400
5401
5402
9099
5404
5405
71437
5407
5408
39100
5410
5411
5412
47134
5414
5415
61962
5417
5418
94315
5420
5421
5422
72175
5424
5425
89530
5427
5428
25743
5430
5431
5432
23596
5434
5435
54183
5437
5438
38136
5440
5441
5442
27480
5444
5445
34230
5447
5448
67195
5450
5451
5452
14402
5454
5455
11639
5457
5458
94866
5460
5461
5462
93828
5464
5465
66791
5467
5468
11151
5470
5471
5472
68740
5474
5475
44822
5477
5478
68911
5480
5481
5482
41997
5484
5485
41595
5487
5488
92307
5490
5491
5492
92607
5494
5495
66306
5497
5498
82362
5500
5501
5502
11516
5504
5505
25857
5507
5508
1004
5510
5511
5512
57508
5514
5515
36419
5517
5518
90483
5520
5521
5522
51817
5524
5525
33435
5527
5528
25356
5530
5531
5532
60037
5534
5535
57296
5537
5538
12207
5540
5541
5542
33534
5544
5545
60513
5547
5548
82078
5550
5551
5552
23338
5554
5555
18880
5557
5558
86763
5560
5561
5562
23359
5564
5565
68423
5567
5568
17865
5570
5571
5572
51945
5574
5575
8442
5577
5578
31214
5580
5581
5582
41732
5584
5585
31685
5587
5588
12594
5590
5591
5592
78552
5594
5595
56419
5597
5598
60042
5600
5601
5602
17261
5604
5605
69196
5607
5608
1483
5610
5611
5612
82115
5614
5615
77852
5617
5618
72920
5620
5621
5622
6654
5624
5625
33755
5627
5628
39734
5630
5631
5632
37379
5634
5635
78855
5637
5638
21890
5640
5641
5642
18370
5644
5645
5061
5647
5648
5556
5650
5651
5652
54525
5654
5655
18870
5657
5658
94648
5660
5661
5662
11752
5664
5665
94262
5667
5668
99501
5670
5671
5672
83130
5674
5675
48854
5677
5678
67361
5680
5681
5682
79949
5684
5685
12347
5687
5688
23686
5690
5691
5692
72349
5694
5695
67247
5697
5698
58497
5700
5701
5702
13653
5704
5705
16711
5707
5708
80464
5710
5711
5712
14587
5714
5715
30548
5717
5718
55967
5720
5721
5722
58767
5724
5725
6860
5727
5728
61864
5730
5731
5732
28141
5734
5735
13579
5737
5738
98913
5740
5741
5742
61361
5744
5745
97217
5747
5748
26371
5750
5751
5752
10441
5754
5755
36029
5757
5758
60794
5760
5761
5762
89602
5764
5765
67696
5767
5768
52422
5770
5771
5772
68173
5774
5775
15845
5777
5778
54902
5780
5781
5782
82647
5784
5785
44453
5787
5788
87722
5790
5791
5792
81665
5794
5795
78699
5797
5798
70354
5800
5801
5802
48118
5804
5805
10996
5807
5808
43876
5810
5811
5812
55881
5814
5815
12217
5817
5818
6192
5820
5821
5822
8122
5824
5825
91044
5827
5828
51438
5830
5831
5832
7996
5834
5835
96801
5837
5838
843
5840
5841
5842
43569
5844
5845
88128
5847
5848
14771
5850
5851
5852
9762
5854
5855
21530
5857
5858
82462
5860
5861
5862
91669
5864
5865
13890
5867
5868
11869
5870
5871
5872
4866
5874
5875
21642
5877
5878
33052
5880
5881
5882
58877
5884
5885
88523
5887
5888
30837
5890
5891
5892
98280
5894
5895
4055
5897
5898
14375
5900
5901
5902
24654
5904
5905
899
5907
5908
18636
5910
5911
5912
53735
5914
5915
21059
5917
5918
87434
5920
5921
5922
26926
5924
5925
53150
5927
5928
98808
5930
5931
5932
65820
5934
5935
79379
5937
5938
7830
5940
5941
5942
84802
5944
5945
55706
5947
5948
9017
5950
5951
5952
24908
5954
5955
36228
5957
5958
24930
5960
5961
5962
29456
5964
5965
33228
5967
5968
67837
5970
5971
5972
716
5974
5975
63148
5977
5978
42959
5980
5981
5982
37940
5984
5985
7868
5987
5988
31233
5990
5991
5992
7296
5994
5995
86491
5997
5998
6349
6000
6001
6002
9831
6004
6005
49664
6007
6008
66040
6010
6011
6012
81646
6014
6015
72474
6017
6018
43144
6020
6021
6022
46296
6024
6025
84089
6027
6028
43429
6030
6031
6032
99500
6034
6035
9994
6037
6038
83313
6040
6041
6042
9266
6044
6045
86643
6047
6048
17948
6050
6051
6052
28141
6054
6055
19704
6057
6058
66574
6060
6061
6062
66613
6064
6065
7337
6067
6068
59050
6070
6071
6072
2697
6074
6075
67773
6077
6078
75822
6080
6081
6082
77099
6084
6085
60161
6087
6088
59570
6090
6091
6092
50501
6094
6095
34789
6097
6098
31896
6100
6101
6102
643
6104
6105
89717
6107
6108
56360
6110
6111
6112
43023
6114
6115
73093
6117
6118
69527
6120
6121
6122
25652
6124
6125
509
6127
6128
44146
6130
6131
6132
10261
6134
6135
98161
6137
6138
13507
6140
6141
6142
66599
6144
6145
75033
6147
6148
31041
6150
6151
6152
70435
6154
6155
24550
6157
6158
61852
6160
6161
6162
29201
6164
6165
63975
6167
6168
29083
6170
6171
6172
97701
6174
6175
15112
6177
6178
54770
6180
6181
6182
23171
6184
6185
75793
6187
6188
89112
6190
6191
6192
67024
6194
6195
79371
6197
6198
39296
6200
6201
6202
89470
6204
6205
4130
6207
6208
84594
6210
6211
6212
67596
6214
6215
96117
6217
6218
6274
6220
6221
6222
25426
6224
6225
87734
6227
6228
84746
6230
6231
6232
89276
6234
6235
12403
6237
6238
67917
6240
6241
6242
3979
6244
6245
61728
6247
6248
7356
6250
6251
6252
22073
6254
6255
1155
6257
6258
23032
6260
6261
6262
67164
6264
6265
397
6267
6268
82062
6270
6271
6272
52257
6274
6275
76646
6277
6278
79862
6280
6281
6282
74832
6284
6285
47622
6287
6288
69764
6290
6291
6292
70567
6294
6295
35565
6297
6298
76126
6300
6301
6302
68998
6304
6305
42423
6307
6308
55976
6310
6311
6312
27251
6314
6315
92516
6317
6318
36598
6320
6321
6322
18856
6324
6325
64433
6327
6328
74805
6330
6331
6332
22327
6334
6335
70597
6337
6338
3439
6340
6341
6342
10132
6344
6345
64291
6347
6348
45870
6350
6351
6352
88404
6354
6355
92508
6357
6358
2662
6360
6361
6362
76245
6364
6365
77126
6367
6368
81738
6370
6371
6372
171
6374
6375
28926
6377
6378
25608
6380
6381
6382
10330
6384
6385
71475
6387
6388
74403
6390
6391
6392
82236
6394
6395
71078
6397
6398
68857
6400
6401
6402
62102
6404
6405
22719
6407
6408
54810
6410
6411
6412
73681
6414
6415
38059
6417
6418
88096
6420
6421
6422
79804
6424
6425
28264
6427
6428
42080
6430
6431
6432
49695
6434
6435
53739
6437
6438
37882
6440
6441
6442
35110
6444
6445
47880
6447
6448
59218
6450
6451
6452
77940
6454
6455
2919
6457
6458
11873
6460
6461
6462
59497
6464
6465
51341
6467
6468
84455
6470
6471
6472
9233
6474
6475
32711
6477
6478
13783
6480
6481
6482
9670
6484
6485
84360
6487
6488
87184
6490
6491
6492
5649
6494
6495
55010
6497
6498
62642
6500
6501
6502
44472
6504
6505
13313
6507
6508
59968
6510
6511
6512
46517
6514
6515
27434
6517
6518
21209
6520
6521
6522
90042
6524
6525
43687
6527
6528
62191
6530
6531
6532
71753
6534
6535
77636
6537
6538
66595
6540
6541
6542
22405
6544
6545
4023
6547
6548
96362
6550
6551
6552
70531
6554
6555
21201
6557
6558
74785
6560
6561
6562
26050
6564
6565
86975
6567
6568
72125
6570
6571
6572
77558
6574
6575
56548
6577
6578
40948
6580
6581
6582
36647
6584
6585
57997
6587
6588
2666
6590
6591
6592
67562
6594
6595
31166
6597
6598
61196
6600
6601
6602
57670
6604
6605
71274
6607
6608
97725
6610
6611
6612
3337
6614
6615
77029
6617
6618
73351
6620
6621
6622
22120
6624
6625
68896
6627
6628
73215
6630
6631
6632
94926
6634
6635
97201
6637
6638
13900
6640
6641
6642
60424
6644
6645
9072
6647
6648
44038
6650
6651
6652
75724
6654
6655
99146
6657
6658
1607
6660
6661
6662
99741
6664
6665
53016
6667
6668
73237
6670
6671
6672
94921
6674
6675
69337
6677
6678
42214
6680
6681
6682
41861
6684
6685
62013
6687
6688
29960
6690
6691
6692
8437
6694
6695
82399
6697
6698
56531
6700
6701
6702
9375
6704
6705
20555
6707
6708
68932
6710
6711
6712
57743
6714
6715
59649
6717
6718
94643
6720
6721
6722
8172
6724
6725
17155
6727
6728
7820
6730
6731
6732
95133
6734
6735
17087
6737
6738
27947
6740
6741
6742
23965
6744
6745
24618
6747
6748
64241
6750
6751
6752
585
6754
6755
95289
6757
6758
61819
6760
6761
6762
8292
6764
6765
46856
6767
6768
99282
6770
6771
6772
17686
6774
6775
75228
6777
6778
38705
6780
6781
6782
12214
6784
6785
9542
6787
6788
71414
6790
6791
6792
54280
6794
6795
27318
6797
6798
76269
6800
6801
6802
16926
6804
6805
99010
6807
6808
23915
6810
6811
6812
52916
6814
6815
71756
6817
6818
89901
6820
6821
6822
2103
6824
6825
68187
6827
6828
95778
6830
6831
6832
55037
6834
6835
42399
6837
6838
80911
6840
6841
6842
58578
6844
6845
74560
6847
6848
82454
6850
6851
6852
9668
6854
6855
94943
6857
6858
11046
6860
6861
6862
34284
6864
6865
55134
6867
6868
31568
6870
6871
6872
39282
6874
6875
2407
6877
6878
14684
6880
6881
6882
27694
6884
6885
16024
6887
6888
83597
6890
6891
6892
64798
6894
6895
63899
6897
6898
20809
6900
6901
6902
18496
6904
6905
52485
6907
6908
49877
6910
6911
6912
8211
6914
6915
36305
6917
6918
60170
6920
6921
6922
37942
6924
6925
83190
6927
6928
41257
6930
6931
6932
93206
6934
6935
41194
6937
6938
42597
6940
6941
6942
9724
6944
6945
1914
6947
6948
99991
6950
6951
6952
25435
6954
6955
12500
6957
6958
38231
6960
6961
6962
48508
6964
6965
35141
6967
6968
60160
6970
6971
6972
49893
6974
6975
6650
6977
6978
87878
6980
6981
6982
30725
6984
6985
62495
6987
6988
25919
6990
6991
6992
64258
6994
6995
44850
6997
6998
28925
7000
7001
7002
75599
7004
7005
15797
7007
7008
92411
7010
7011
7012
45908
7014
7015
52654
7017
7018
24673
7020
7021
7022
41545
7024
7025
92433
7027
7028
92792
7030
7031
7032
10198
7034
7035
55850
7037
7038
73859
7040
7041
7042
64625
7044
7045
52662
7047
7048
50198
7050
7051
7052
91926
7054
7055
84545
7057
7058
62796
7060
7061
7062
17203
7064
7065
93710
7067
7068
56085
7070
7071
7072
650
7074
7075
71347
7077
7078
50806
7080
7081
7082
44236
7084
7085
41866
7087
7088
46105
7090
7091
7092
64407
7094
7095
96903
7097
7098
27139
7100
7101
7102
20465
7104
7105
67612
7107
7108
86835
7110
7111
7112
67794
7114
7115
17535
7117
7118
16338
7120
7121
7122
19890
7124
7125
5516
7127
7128
65201
7130
7131
7132
95122
7134
7135
15545
7137
7138
10689
7140
7141
7142
43337
7144
7145
23134
7147
7148
17688
7150
7151
7152
70291
7154
7155
70368
7157
7158
92463
7160
7161
7162
77918
7164
7165
87130
7167
7168
31765
7170
7171
7172
38868
7174
7175
68121
7177
7178
89406
7180
7181
7182
79915
7184
7185
77266
7187
7188
46498
7190
7191
7192
54673
7194
7195
35573
7197
7198
33328
7200
7201
7202
61767
7204
7205
56629
7207
7208
24684
7210
7211
7212
47962
7214
7215
25730
7217
7218
46020
7220
7221
7222
87981
7224
7225
9883
7227
7228
14445
7230
7231
7232
54728
7234
7235
84470
7237
7238
44678
7240
7241
7242
58904
7244
7245
83089
7247
7248
69138
7250
7251
7252
37738
7254
7255
75304
7257
7258
16163
7260
7261
7262
62869
7264
7265
21963
7267
7268
38455
7270
7271
7272
1085
7274
7275
14939
7277
7278
7279
7280
7281
7282
78868
7284
7285
80859
7287
7288
4856
7290
7291
7292
17172
7294
7295
80492
7297
7298
70873
7300
7301
7302
76945
7304
7305
86090
7307
7308
15825
7310
7311
7312
57270
7314
7315
60200
7317
7318
42157
7320
7321
7322
79864
7324
7325
56702
7327
7328
38020
7330
7331
7332
29227
7334
7335
27276
7337
7338
17514
7340
7341
7342
71014
7344
7345
31986
7347
7348
21751
7350
7351
7352
88305
7354
7355
4722
7357
7358
41198
7360
7361
7362
82908
7364
7365
10354
7367
7368
30434
7370
7371
7372
22246
7374
7375
11853
7377
7378
30631
7380
7381
7382
72319
7384
7385
2810
7387
7388
51074
7390
7391
7392
25168
7394
7395
20384
7397
7398
55923
7400
7401
7402
66453
7404
7405
2652
7407
7408
25083
7410
7411
7412
64789
7414
7415
91535
7417
7418
25971
7420
7421
7422
27507
7424
7425
59221
7427
7428
81731
7430
7431
7432
7361
7434
7435
85651
7437
7438
50781
7440
7441
7442
75149
7444
7445
77937
7447
7448
50052
7450
7451
7452
91932
7454
7455
48591
7457
7458
77413
7460
7461
7462
42829
7464
7465
28698
7467
7468
23964
7470
7471
7472
38819
7474
7475
36556
7477
7478
69859
7480
7481
7482
81245
7484
7485
14792
7487
7488
41694
7490
7491
7492
55563
7494
7495
63467
7497
7498
15485
7500
7501
7502
84054
7504
7505
97449
7507
7508
12462
7510
7511
7512
77601
7514
7515
97609
7517
7518
88528
7520
7521
7522
38772
7524
7525
36666
7527
7528
35977
7530
7531
7532
42945
7534
7535
60208
7537
7538
39694
7540
7541
7542
497
7544
7545
8729
7547
7548
33823
7550
7551
7552
89317
7554
7555
66253
7557
7558
9238
7560
7561
7562
56055
7564
7565
80177
7567
7568
23533
7570
7571
7572
79932
7574
7575
81026
7577
7578
54103
7580
7581
7582
26174
7584
7585
57878
7587
7588
52935
7590
7591
7592
30239
7594
7595
40327
7597
7598
14337
7600
7601
7602
85636
7604
7605
55683
7607
7608
25959
7610
7611
7612
56085
7614
7615
2311
7617
7618
83315
7620
7621
7622
13384
7624
7625
94805
7627
7628
50906
7630
7631
7632
57543
7634
7635
29758
7637
7638
88401
7640
7641
7642
33626
7644
7645
57131
7647
7648
59078
7650
7651
7652
88508
7654
7655
99355
7657
7658
96340
7660
7661
7662
47268
7664
7665
35988
7667
7668
92879
7670
7671
7672
24951
7674
7675
45808
7677
7678
42130
7680
7681
7682
21151
7684
7685
31851
7687
7688
69620
7690
7691
7692
17617
7694
7695
20918
7697
7698
10085
7700
7701
7702
75671
7704
7705
32326
7707
7708
1971
7710
7711
7712
73677
7714
7715
61194
7717
7718
6313
7720
7721
7722
21542
7724
7725
98443
7727
7728
71650
7730
7731
7732
1899
7734
7735
53386
7737
7738
88720
7740
7741
7742
41786
7744
7745
15786
7747
7748
6710
7750
7751
7752
16321
7754
7755
2398
7757
7758
24952
7760
7761
7762
8402
7764
7765
29977
7767
7768
86654
7770
7771
7772
26137
7774
7775
41123
7777
7778
49457
7780
7781
7782
22744
7784
7785
6750
7787
7788
27927
7790
7791
7792
81856
7794
7795
31521
7797
7798
45209
7800
7801
7802
81838
7804
7805
39349
7807
7808
84025
7810
7811
7812
2198
7814
7815
54715
7817
7818
69609
7820
7821
7822
55820
7824
7825
23162
7827
7828
9963
7830
7831
7832
48330
7834
7835
84031
7837
7838
14438
7840
7841
7842
42591
7844
7845
69738
7847
7848
2901
7850
7851
7852
71762
7854
7855
68691
7857
7858
39214
7860
7861
7862
87947
7864
7865
32189
7867
7868
47095
7870
7871
7872
30759
7874
7875
27151
7877
7878
80296
7880
7881
7882
78738
7884
7885
37989
7887
7888
91407
7890
7891
7892
29455
7894
7895
22315
7897
7898
18189
7900
7901
7902
95863
7904
7905
60521
7907
7908
17456
7910
7911
7912
20215
7914
7915
95042
7917
7918
89056
7920
7921
7922
93613
7924
7925
86972
7927
7928
36904
7930
7931
7932
34695
7934
7935
52162
7937
7938
30821
7940
7941
7942
58741
7944
7945
7956
7947
7948
71607
7950
7951
7952
41599
7954
7955
27470
7957
7958
48171
7960
7961
7962
47471
7964
7965
84930
7967
7968
53424
7970
7971
7972
24298
7974
7975
12403
7977
7978
44919
7980
7981
7982
62902
7984
7985
95110
7987
7988
18630
7990
7991
7992
60369
7994
7995
62817
7997
7998
31538
8000
8001
8002
4711
8004
8005
55067
8007
8008
80079
8010
8011
8012
76775
8014
8015
51896
8017
8018
48856
8020
8021
8022
28173
8024
8025
12050
8027
8028
11063
8030
8031
8032
3974
8034
8035
26571
8037
8038
75449
8040
8041
8042
56240
8044
8045
67475
8047
8048
24700
8050
8051
8052
50848
8054
8055
48063
8057
8058
24032
8060
8061
8062
2914
8064
8065
3932
8067
8068
61203
8070
8071
8072
52298
8074
8075
70167
8077
8078
46833
8080
8081
8082
75893
8084
8085
6158
8087
8088
34350
8090
8091
8092
544
8094
8095
64321
8097
8098
50688
8100
8101
8102
80688
8104
8105
37339
8107
8108
46051
8110
8111
8112
47497
8114
8115
52175
8117
8118
64387
8120
8121
8122
81587
8124
8125
38432
8127
8128
56054
8130
8131
8132
53700
8134
8135
26684
8137
8138
71140
8140
8141
8142
61541
8144
8145
44874
8147
8148
60938
8150
8151
8152
94667
8154
8155
21850
8157
8158
14482
8160
8161
8162
53141
8164
8165
92198
8167
8168
89823
8170
8171
8172
38621
8174
8175
65169
8177
8178
93978
8180
8181
8182
25180
8184
8185
41477
8187
8188
62946
8190
8191
8192
28371
8194
8195
9285
8197
8198
53107
8200
8201
8202
29715
8204
8205
95311
8207
8208
36706
8210
8211
8212
26927
8214
8215
32728
8217
8218
77011
8220
8221
8222
37641
8224
8225
31674
8227
8228
7495
8230
8231
8232
99729
8234
8235
99181
8237
8238
59722
8240
8241
8242
84848
8244
8245
89643
8247
8248
39519
8250
8251
8252
24573
8254
8255
57789
8257
8258
16803
8260
8261
8262
44727
8264
8265
30861
8267
8268
5630
8270
8271
8272
71554
8274
8275
96761
8277
8278
34144
8280
8281
8282
94489
8284
8285
14572
8287
8288
79615
8290
8291
8292
15740
8294
8295
10037
8297
8298
79220
8300
8301
8302
16907
8304
8305
45796
8307
8308
22559
8310
8311
8312
45832
8314
8315
78193
8317
8318
59549
8320
8321
8322
65774
8324
8325
33820
8327
8328
43814
8330
8331
8332
52213
8334
8335
46202
8337
8338
90782
8340
8341
8342
98618
8344
8345
44483
8347
8348
82469
8350
8351
8352
83143
8354
8355
89870
8357
8358
18832
8360
8361
8362
93785
8364
8365
77726
8367
8368
31374
8370
8371
8372
20628
8374
8375
61597
8377
8378
14579
8380
8381
8382
70145
8384
8385
24122
8387
8388
18872
8390
8391
8392
78401
8394
8395
53756
8397
8398
17034
8400
8401
8402
41682
8404
8405
1832
8407
8408
42953
8410
8411
8412
19634
8414
8415
66276
8417
8418
86626
8420
8421
8422
25476
8424
8425
65007
8427
8428
91983
8430
8431
8432
54983
8434
8435
89563
8437
8438
67096
8440
8441
8442
58933
8444
8445
41927
8447
8448
18161
8450
8451
8452
57617
8454
8455
99735
8457
8458
23668
8460
8461
8462
39873
8464
8465
32521
8467
8468
44032
8470
8471
8472
8469
8474
8475
42858
8477
8478
2415
8480
8481
8482
24945
8484
8485
6204
8487
8488
1276
8490
8491
8492
270
8494
8495
24911
8497
8498
26528
8500
8501
8502
17210
8504
8505
72114
8507
8508
61526
8510
8511
8512
71556
8514
8515
4998
8517
8518
86231
8520
8521
8522
65773
8524
8525
83623
8527
8528
81787
8530
8531
8532
87274
8534
8535
11499
8537
8538
26158
8540
8541
8542
62130
8544
8545
20950
8547
8548
11520
8550
8551
8552
14958
8554
8555
7611
8557
8558
30420
8560
8561
8562
82002
8564
8565
18982
8567
8568
59279
8570
8571
8572
60001
8574
8575
63708
8577
8578
92696
8580
8581
8582
20704
8584
8585
89684
8587
8588
46780
8590
8591
8592
83668
8594
8595
28486
8597
8598
56060
8600
8601
8602
7606
8604
8605
59575
8607
8608
61606
8610
8611
8612
7022
8614
8615
9595
8617
8618
46045
8620
8621
8622
90469
8624
8625
69818
8627
8628
26301
8630
8631
8632
41150
8634
8635
74150
8637
8638
39919
8640
8641
8642
91269
8644
8645
37272
8647
8648
94933
8650
8651
8652
70190
8654
8655
39943
8657
8658
91391
8660
8661
8662
86590
8664
8665
45227
8667
8668
6003
8670
8671
8672
56151
8674
8675
42713
8677
8678
44536
8680
8681
8682
30607
8684
8685
14763
8687
8688
38936
8690
8691
8692
41117
8694
8695
29910
8697
8698
41358
8700
8701
8702
24909
8704
8705
13595
8707
8708
67714
8710
8711
8712
69603
8714
8715
77595
8717
8718
24388
8720
8721
8722
25563
8724
8725
69558
8727
8728
63678
8730
8731
8732
37133
8734
8735
59349
8737
8738
88433
8740
8741
8742
70291
8744
8745
77024
8747
8748
75432
8750
8751
8752
65654
8754
8755
64607
8757
8758
77793
8760
8761
8762
12711
8764
8765
53503
8767
8768
38394
8770
8771
8772
94783
8774
8775
87543
8777
8778
69139
8780
8781
8782
71676
8784
8785
38355
8787
8788
20740
8790
8791
8792
67274
8794
8795
21101
8797
8798
65829
8800
8801
8802
58928
8804
8805
61532
8807
8808
77938
8810
8811
8812
90365
8814
8815
8750
8817
8818
70845
8820
8821
8822
12928
8824
8825
54441
8827
8828
30349
8830
8831
8832
41977
8834
8835
77676
8837
8838
58952
8840
8841
8842
58988
8844
8845
14098
8847
8848
12702
8850
8851
8852
55292
8854
8855
59753
8857
8858
431
8860
8861
8862
64607
8864
8865
15912
8867
8868
31015
8870
8871
8872
9569
8874
8875
45385
8877
8878
40393
8880
8881
8882
13860
8884
8885
24895
8887
8888
74908
8890
8891
8892
20297
8894
8895
49167
8897
8898
77329
8900
8901
8902
4344
8904
8905
78014
8907
8908
67719
8910
8911
8912
52450
8914
8915
71621
8917
8918
85331
8920
8921
8922
13600
8924
8925
92545
8927
8928
51158
8930
8931
8932
58307
8934
8935
25618
8937
8938
78221
8940
8941
8942
99174
8944
8945
24881
8947
8948
40843
8950
8951
8952
93193
8954
8955
97436
8957
8958
97113
8960
8961
8962
80519
8964
8965
59783
8967
8968
3667
8970
8971
8972
32947
8974
8975
95207
8977
8978
33275
8980
8981
8982
4565
8984
8985
40979
8987
8988
21164
8990
8991
8992
44080
8994
8995
28669
8997
8998
331
9000
9001
9002
63424
9004
9005
7427
9007
9008
16881
9010
9011
9012
95689
9014
9015
81555
9017
9018
18140
9020
9021
9022
83009
9024
9025
51015
9027
9028
29947
9030
9031
9032
57414
9034
9035
26812
9037
9038
77687
9040
9041
9042
35273
9044
9045
9615
9047
9048
71685
9050
9051
9052
7766
9054
9055
10347
9057
9058
83639
9060
9061
9062
70069
9064
9065
12798
9067
9068
36274
9070
9071
9072
62797
9074
9075
29013
9077
9078
14420
9080
9081
9082
93531
9084
9085
59504
9087
9088
13082
9090
9091
9092
154
9094
9095
7574
9097
9098
54663
9100
9101
9102
44776
9104
9105
75992
9107
9108
78419
9110
9111
9112
70906
9114
9115
35909
9117
9118
43727
9120
9121
9122
55892
9124
9125
88671
9127
9128
17119
9130
9131
9132
73562
9134
9135
31486
9137
9138
44186
9140
9141
9142
79269
9144
9145
20670
9147
9148
33696
9150
9151
9152
20129
9154
9155
24303
9157
9158
99760
9160
9161
9162
70211
9164
9165
14081
9167
9168
76821
9170
9171
9172
33875
9174
9175
7467
9177
9178
79839
9180
9181
9182
88705
9184
9185
8115
9187
9188
22121
9190
9191
9192
9961
9194
9195
80121
9197
9198
49497
9200
9201
9202
91922
9204
9205
39843
9207
9208
25069
9210
9211
9212
43183
9214
9215
26538
9217
9218
75715
9220
9221
9222
75278
9224
9225
54587
9227
9228
59335
9230
9231
9232
89602
9234
9235
23178
9237
9238
46683
9240
9241
9242
80147
9244
9245
52037
9247
9248
62623
9250
9251
9252
28618
9254
9255
64963
9257
9258
9853
9260
9261
9262
69345
9264
9265
3781
9267
9268
33026
9270
9271
9272
81179
9274
9275
6846
9277
9278
8514
9280
9281
9282
3680
9284
9285
72289
9287
9288
13322
9290
9291
9292
82663
9294
9295
2413
9297
9298
78281
9300
9301
9302
18685
9304
9305
41126
9307
9308
18215
9310
9311
9312
51128
9314
9315
14839
9317
9318
54157
9320
9321
9322
34076
9324
9325
45592
9327
9328
97392
9330
9331
9332
63786
9334
9335
368
9337
9338
33016
9340
9341
9342
80150
9344
9345
37689
9347
9348
14819
9350
9351
9352
65271
9354
9355
11336
9357
9358
44150
9360
9361
9362
57033
9364
9365
56625
9367
9368
98878
9370
9371
9372
99941
9374
9375
7472
9377
9378
55344
9380
9381
9382
61081
9384
9385
9391
9387
9388
73111
9390
9391
9392
85536
9394
9395
87024
9397
9398
21219
9400
9401
9402
83937
9404
9405
78072
9407
9408
24044
9410
9411
9412
78442
9414
9415
33931
9417
9418
43064
9420
9421
9422
21926
9424
9425
40498
9427
9428
67893
9430
9431
9432
76415
9434
9435
5155
9437
9438
6875
9440
9441
9442
66772
9444
9445
41871
9447
9448
46501
9450
9451
9452
38554
9454
9455
15099
9457
9458
71567
9460
9461
9462
67499
9464
9465
69393
9467
9468
49812
9470
9471
9472
33408
9474
9475
87331
9477
9478
66898
9480
9481
9482
54696
9484
9485
99160
9487
9488
30154
9490
9491
9492
41083
9494
9495
50375
9497
9498
98228
9500
9501
9502
38282
9504
9505
22834
9507
9508
73328
9510
9511
9512
59630
9514
9515
68682
9517
9518
89598
9520
9521
9522
17901
9524
9525
88729
9527
9528
29323
9530
9531
9532
83458
9534
9535
41096
9537
9538
33398
9540
9541
9542
22797
9544
9545
82688
9547
9548
14177
9550
9551
9552
35440
9554
9555
42339
9557
9558
73372
9560
9561
9562
16759
9564
9565
84082
9567
9568
95958
9570
9571
9572
10646
9574
9575
12434
9577
9578
62106
9580
9581
9582
64623
9584
9585
54939
9587
9588
57280
9590
9591
9592
72908
9594
9595
68859
9597
9598
89688
9600
9601
9602
31302
9604
9605
86846
9607
9608
14003
9610
9611
9612
91577
9614
9615
73884
9617
9618
7676
9620
9621
9622
66583
9624
9625
60254
9627
9628
14616
9630
9631
9632
60069
9634
9635
66857
9637
9638
24322
9640
9641
9642
42228
9644
9645
98196
9647
9648
67641
9650
9651
9652
96962
9654
9655
64493
9657
9658
29274
9660
9661
9662
88837
9664
9665
51131
9667
9668
92427
9670
9671
9672
3987
9674
9675
14052
9677
9678
58988
9680
9681
9682
7767
9684
9685
27358
9687
9688
6458
9690
9691
9692
18441
9694
9695
47589
9697
9698
57136
9700
9701
9702
22362
9704
9705
78267
9707
9708
48757
9710
9711
9712
484
9714
9715
46354
9717
9718
79296
9720
9721
9722
42261
9724
9725
7631
9727
9728
23271
9730
9731
9732
51834
9734
9735
47057
9737
9738
7700
9740
9741
9742
67419
9744
9745
29606
9747
9748
92549
9750
9751
9752
90572
9754
9755
97300
9757
9758
12482
9760
9761
9762
28621
9764
9765
87557
9767
9768
17594
9770
9771
9772
68132
9774
9775
34165
9777
9778
33473
9780
9781
9782
47498
9784
9785
37626
9787
9788
80818
9790
9791
9792
51453
9794
9795
90435
9797
9798
5026
9800
9801
9802
7583
9804
9805
57772
9807
9808
42017
9810
9811
9812
71886
9814
9815
67855
9817
9818
13191
9820
9821
9822
83634
9824
9825
39450
9827
9828
12079
9830
9831
9832
7960
9834
9835
13143
9837
9838
7036
9840
9841
9842
41755
9844
9845
37166
9847
9848
8563
9850
9851
9852
4839
9854
9855
16002
9857
9858
14034
9860
9861
9862
24110
9864
9865
848
9867
9868
57736
9870
9871
9872
64348
9874
9875
21071
9877
9878
14648
9880
9881
9882
23724
9884
9885
69281
9887
9888
75694
9890
9891
9892
26065
9894
9895
50251
9897
9898
81307
9900
9901
9902
6155
9904
9905
14345
9907
9908
757
9910
9911
9912
494
9914
9915
59142
9917
9918
6057
9920
9921
9922
62473
9924
9925
62364
9927
9928
59392
9930
9931
9932
76716
9934
9935
57688
9937
9938
39221
9940
9941
9942
74110
9944
9945
88098
9947
9948
67947
9950
9951
9952
48054
9954
9955
72754
9957
9958
97303
9960
9961
9962
22190
9964
9965
42064
9967
9968
81875
9970
9971
9972
7937
9974
9975
14880
9977
9978
63867
9980
9981
9982
28782
9984
9985
32293
9987
9988
47641
9990
9991
9992
47582
9994
9995
53648
9997
9998
48999
