71904951
1078403788
369233015
255322960
231987688
564668626
2065264176
1880616004
953932920
84288835
305044854
1842555350
1926330046
1591938506
1543841268
1312079217
1475059149
636655965
1131960839
1781356476
353102751
842278786
1117990305
1178839989
892232973
854829553
348066374
444184258
1595718398
837438314
1276767562
1496296293
1721392388
2071206076
1660372755
125155638
2089498378
978760891
788081044
625634589
226996272
624021215
1953628340
673164475
536943096
503383430
2115909360
1456907395
1895271636
1137177746
145150998
221099765
1840642931
799745867
1945610121
681985998
1854550775
473896841
489746716
694844298
770610570
173455736
127000554
688687493
405094576
1573752884
1326670529
1280428837
2062663116
277315458
942941665
1674409050
183443033
1918133296
225759014
80894064
1215965223
967616426
710302768
268045019
102437743
1232761258
1624156629
1439519566
1385475337
1118147285
2095133284
1137291173
852674742
1296984092
99532141
1598528454
913981076
1507144369
966780170
1570600870
1418960943
153590886
192077902
364692724
2109593039
9666649
1271520224
945892963
74838152
351905509
640472929
1180857419
1822253629
2104116919
1279682509
1939886864
1165155461
671547575
2084496112
1893337466
1686475607
1061479481
875374743
370342756
936251362
72784837
430832866
235752059
32531463
880640710
2093846693
669153884
611543140
1853094023
351472941
1886413047
1995551804
196306065
333119715
670844811
1034064348
2083171402
796204288
1923302320
370444534
960494426
863238501
1889648184
877584262
1501839264
1815423429
465319768
1020009290
871515169
2107844874
1866990775
1959189854
360155
1272309227
1395910615
1615174612
1254414984
209192899
1864144809
957254518
841260575
1272374996
1784937337
453035853
1377489899
665185087
2033068715
134750582
767935463
1922559306
1928874273
1630081067
623853603
1957281333
376714875
252385014
245639354
428475614
1190072302
1673699758
1351967622
2005769017
702054106
458460933
746119483
260586942
546270157
768219623
183359901
1972550835
1772996180
803665401
2028995528
1780902929
1878711787
2093072034
1743690941
931162427
1299879825
2048184509
111449079
134231542
1278496504
345282993
938298596
705115391
1964032881
1301885189
474165013
695397913
177010417
798537764
143741213
544664602
516886964
1217119489
753589554
343016487
1298042401
1927477533
971143782
1618065061
973178326
1255881542
1697774431
543158832
1723597310
1623146585
1129194629
70040152
962872302
573800838
1655004414
343099361
1505775210
1749639029
1755943452
506413679
536741014
458981215
1037725416
1010646515
653443163
803498388
644197668
1673076433
1683158751
1178261975
1906527600
630829600
1546214580
1643358462
1811477378
1558858951
862789181
1200498263
48011952
1660974333
1504002297
428743158
210489162
31089312
1321451581
2012564374
906403656
445586486
1974168222
911087619
1528844333
2053985820
263887478
24783394
1671236028
3572506
563850264
88528427
1084097811
1841522716
1371266304
2009032071
1704751271
364018144
1003599480
1579693468
193674609
800837368
1885332718
1639739222
938813545
1565861798
321838403
1225246523
1264546877
1507899648
1547428129
1207389228
849406950
1031165698
1972006565
205259396
1185652351
1127186781
1443492488
1876693380
2133574053
809602715
2058047530
766491620
331597379
862432848
1234679399
1556254294
107714993
298753531
370325415
1463441833
1550081706
333436066
1623177504
2070985543
358329295
725950755
327214221
647414331
1319115654
1458206704
239898895
1240754149
675797308
438029609
1915932705
887753319
305334860
312395208
51764961
536076756
928170866
807672211
1285135571
70664879
1996717822
1204426026
244999437
363573739
1167522494
576874475
944176495
1389047111
1039293368
101056448
1548417354
2102654674
1077016311
1584186038
803445353
776321074
754821204
737706787
1821921274
206553095
224085632
975369637
1007070731
887525470
1571193891
115759884
422727354
1497646134
2002351279
15160226
1120238392
14197975
2098297455
398771751
1132822103
2014365000
1280850062
1631677356
1935426985
1418140518
1122918017
1746097030
1659052223
227348102
1237528535
314826338
515048102
1440067224
1304351941
326966744
1275925556
2063179993
424216718
1455621199
898454631
117910611
1075602890
729542979
1799955350
128584958
572956645
1829151339
2096318209
1720484419
1672721831
1931738275
588870921
1369544577
1294955229
982321959
209716412
1202126604
636401610
465453688
1309443200
961966968
1085990045
1696802288
1950213167
1951836405
852072650
1074016875
695020792
1611594283
1757464292
660740847
827567048
66150144
277144808
23805289
986155699
402916987
521266795
1507008246
2064244669
521549971
167908258
240881526
929827622
1562410633
1857139512
2005479727
1483289995
1910272896
2040381945
1473028006
676655810
823735578
1882560233
433486788
1238457992
1691027551
87973
761788479
865492366
1737276611
1297320814
1136253723
779392828
1616966666
1833972560
1224222889
1969189381
1049067303
1028174601
1345530979
1609443965
766081446
2081204266
1012334822
784005530
619777058
1937808446
235611873
1292770085
1045141259
684080070
1799300817
1234803174
1196860455
1431897122
980282755
1009779442
2069900207
719916578
1547280479
1009065553
1212286671
1717919381
1871157657
2037652225
842971164
869931541
1670045417
1412933239
1187550094
1604955790
875580807
2139907985
1738198531
934238852
154423159
77312668
1253473083
1426377390
1047617823
824601056
1778804290
883141384
1963914098
1194368465
2137658822
1534807522
1193187177
1025175792
2123296948
1121394075
218113659
1039560746
909678165
276568682
1319851348
724731384
793052830
702164982
424950176
90264807
426824217
1323513034
529355817
242602565
323493851
1263189987
1814439461
1320572261
1978117396
1502081136
1488575864
849854352
1706385812
603955751
1603883530
141651482
157802372
812815736
1140620608
743555537
1253836808
382791773
1199332855
1264122892
1190264989
1137926402
444776929
919137401
816537043
1540839975
533646123
1643916655
1525202190
1634196252
74162206
543292099
1461985414
1699519655
108285951
1377060892
307807947
1255032115
1146513215
1645184286
1620416105
1212756520
1796511941
437081269
1738997862
401753683
998407479
1973513001
1690693482
256288735
1346666809
1480438233
1774064374
413011379
768277467
270169082
1513787894
2086718240
168226387
327884261
1632716961
1306916309
1436405374
100787970
998196876
1334357395
754417426
797670976
1923978557
801784795
38660492
768942141
713347840
1570358074
966858639
1278698472
215648918
1480545916
65095249
749387318
1392296866
1694277912
918331905
179990179
1142326392
1787384207
482724599
97467889
773680145
985022017
2121091251
1128267532
908083298
1883955519
1219165363
1527731091
131048476
1673611451
525557510
1460320886
49873918
534647632
280514798
1063842177
2062994084
1758899580
1148541690
2082483088
541697958
179017076
1884623561
1839153185
214559721
1063139778
37174676
1410952375
1170126246
832274508
1001436654
1335116074
1244298624
409332697
961663381
1903721277
1779289900
1901586334
563863702
2110904610
1893331985
808675142
901327176
1987348518
1382153050
710190994
84811875
441599224
278302146
792789988
552580206
1513231602
770589032
1706151939
2035638866
419570938
445564804
1847935628
384979733
763743514
1151953808
604199563
931955783
1212175996
258064132
541869723
64848151
1893354817
1959941942
809827628
1400957905
1989477149
629573879
1209374709
2129047030
1073600395
713758046
1456352155
185793925
1231327428
694558415
1329203144
518175323
695874717
726977888
482735597
17614184
1320339160
1245870625
360132082
1009400106
1023193504
1641036381
1182024058
1710811282
553154069
1846060552
1854891849
700209380
1605762352
295782009
679220270
1655540474
668657027
1128860356
855956267
1462282386
929569127
97564692
1635242573
45825237
2100449112
469058019
432581813
1310865004
204282910
863241993
1135650174
1155141307
440967151
1712990861
221005781
2052965482
496051839
795450075
1466763112
354963743
555582614
1660202806
2023861426
1237840705
1593089853
540759717
1962001170
527626470
914480664
1378567751
639889362
447680197
1892449738
752534767
692276127
484041147
1732252778
2051126763
485984015
1267144885
1399696702
2017837181
25555804
1247320727
351210548
32696148
615092193
312770195
732913025
827142803
2090606566
1851143878
1966614818
858171532
824685907
183132181
1580188919
1875895798
234703144
561145787
1699212982
321507737
2015088646
746579669
1546778999
662842870
733489003
1360233819
292261064
855214053
1296391656
42797597
966835044
86364641
66130398
1046990726
1740501307
1303938472
1591708484
796149805
1445526025
1582059408
483934596
1893899064
1799109343
1082082397
1192052870
1354339724
2105116122
90278443
1885577892
628292123
1190927453
1000773052
812168037
1596961661
1730723413
1376635715
1085160684
322744143
281883901
52344720
1256402790
1780177402
1131980904
837102603
1989282199
130619470
1824116170
895237961
1950369461
904393423
245219354
730594364
1656813989
160932773
1737368572
879817269
2033457762
107979016
251701887
929489699
1724744316
1565147999
1227387219
1940180101
267521851
457725778
1189537100
1915703748
25003442
2080535347
1319375283
282270577
1079004545
1753061229
931913833
271640395
1644102446
1139143607
1693476389
1299696204
1814461534
1489584784
873703089
335749293
559653198
1302755518
1759301588
1020623715
914658506
1003585131
380250505
526982753
1358133119
1494370877
1517659321
186545578
1415750244
204936699
822268691
1002237199
1067480409
2043208634
1103941167
1957173519
1710908973
1816932079
260024636
1387060080
1164954430
103369632
417008693
722366958
183222553
2004083602
1330400151
1092387984
834981356
19213229
444888470
2049781895
835810565
286407429
1475321671
670555086
1568422168
1185632678
884851894
1437948338
711294822
1087221835
150011602
1236273936
1550737855
734286767
1694900418
1382628982
1592918412
974638158
188811923
106460710
1706219456
1095580031
1324777968
1446862681
2140193293
1867292306
1768552782
1895984689
1877223849
412258774
1684400689
1538710363
1834312160
26871537
1611379271
1666610429
1461920043
1236568968
1173148364
1605562828
1197062959
1483972824
737268871
250872889
2021912551
893167516
1398020078
2010804347
1126207963
1405407122
223402988
1294099322
1333197989
440835642
956265964
1660822392
1061390955
1946069666
84086176
204025258
1348576215
1929519560
1667530631
461039857
2007061433
160122533
270123915
355751402
1897953790
1394085763
600884979
1459631919
1204768682
1556688247
2091764805
2007755049
1003677516
879246589
750871319
256635239
392045629
959016169
1866898181
1860544875
1418812513
890242435
1111487002
1919447358
1613769900
599733778
1670261299
606973762
508088672
1320012513
1419712764
2093495965
1773069806
544971044
1453763027
97253431
1787774337
508342836
1864944840
923079746
1953390060
523341586
2076526761
1001628097
1272341060
1923201547
310379695
2000555410
48747214
1605663509
1488515914
1541736527
965587283
1933753628
1173568363
63522899
1495755085
1234996818
1655449437
155853414
1470771436
759760712
1693999442
813832964
890791202
257755747
1636459893
527310572
244435363
1222883086
1650207035
691946656
1458533408
893215710
1870975240
794676616
1312472399
897731827
971947672
466430066
1674620382
383992620
1386001163
1951458155
512544197
499902948
1814436246
1115945909
116111900
834039003
1404118417
790110709
283691367
1575086382
267805695
1050215028
1111384965
356767393
1957102514
833932399
707923146
405611680
2069415539
1984609602
612516477
654075646
1005962766
1005684996
696063767
1787369249
1537554074
1184218426
153686303
1779265835
412733930
770008919
1684332111
1582011235
729611476
1313598925
985502208
1121880444
2038155692
412658896
303769293
87830671
515166053
664351506
1400363463
2135449316
193266222
1300449059
519220913
2099849760
2006959294
1977873734
1284181562
973136450
1864385317
277287692
2129019058
135848098
627842444
400631291
2045808495
1342209553
753737524
941085464
285196987
463236777
1603303880
1863976180
311045592
390137873
426071996
23039367
1758279817
1439499167
1342055577
1584468636
709782054
999483138
216516776
260693684
1879970437
21650148
2134114048
1116819434
1277172596
2074171613
2145447682
1741231897
969515428
293173871
1857828199
1236378502
1210374145
1046286754
1496752659
80120934
1275997483
806618836
2056359052
325899134
1792911513
1392671500
973171689
427356464
1585122237
1388420887
1301654762
1056702926
734181206
1445843244
573044
1325324833
1126030227
1231430982
772796568
1738257622
781174745
1977396925
776546345
2110028911
1716606249
1278076014
1590188219
1911767974
1054792384
1688397412
1710705715
138502337
201559983
1360813205
993134787
1510971491
1270740240
1658545731
731429548
2142962129
226972869
1824932952
553043080
1966972124
1489020580
315828228
622499409
464979150
1680342672
1384404390
143836712
31507871
1841088451
638329083
810763449
471980029
753268869
927348526
1745519040
1079527520
1428143053
208437552
1198068894
1204429039
1453313056
1085082589
1049215822
1517564400
336007156
576279945
436727228
1017652926
1793349312
1809143344
2044924829
1197431061
1052992820
781428115
76803003
35340970
1741410019
297196943
2057530336
2000281624
178418402
1945088170
1254286441
852470523
930279006
1655491726
627366475
2114466279
1307597211
2074922261
1987002705
493922411
1120434988
1918953512
9740748
1131353731
1905498646
1335627089
1914386640
296009089
1361278373
2117559269
1848257550
64341845
1568072837
1832417929
1099011016
1137867727
628399415
420344737
93951502
116655556
674557717
1170123730
1540999017
1440783180
329834369
548001558
629247208
1208331750
810322319
19516351
312819329
1025637949
1473892645
654845923
526791225
1869391772
1865097267
344252162
2121985354
1929892302
1351110795
1189185464
1970442271
1748792912
1520195416
1054864740
411896252
1025220872
214729320
770782267
937406562
97620359
705078086
1019846588
1306299136
323636865
891135591
1085114144
963514730
897904668
1182319772
88736732
804156351
566496809
1864716095
2122173051
1527144404
1542344563
510951015
1639252774
1258014648
9800570
1003877129
621210088
1992023427
2081167100
1990370376
1435927454
875117371
556548008
1725643685
776934135
1652394425
1993848671
494503711
1268400376
224643944
593647631
1676203426
1101864424
1539172756
693372853
114480466
1634261604
399379050
1763137527
641882545
2043270428
1387470451
1862005458
1641631584
1838016183
1255779574
2127996712
589164134
1160225416
1833850463
429658134
1727012701
1322880752
963758653
96934204
189438075
1043654300
871705330
631866380
579622174
680920662
1181794746
453276227
541889208
454364777
1741719618
276065220
180610439
2023544016
837811951
2006475365
341049214
1576150359
803086583
1884954853
370586062
711532772
1873434107
329121269
1949012324
1833894731
1249255879
628632221
1882636140
1955154944
648748584
1401336816
1908554446
726103204
1457498395
1386355496
2020244471
618944558
12001089
2002749438
1810354323
1323157491
1442860020
1704397320
1286119092
1995425132
600693074
669215297
720035657
2140501207
2064200166
15524690
115980692
2020883190
715695568
869086654
1785064629
150172710
1888964992
1823680545
1847320777
1267496698
1782751978
924872691
928991852
1253390319
652049698
2067681557
1421090237
1057979872
1054184918
101388316
770111512
2018644252
615367274
335439659
861443314
1630917221
1746555064
804852201
170637012
2075934700
2087325401
821637472
678002699
1061745501
604278037
1801146943
428552911
1089424251
1885234248
611070369
160651996
1870453983
1407667939
340055959
262996421
1835450582
1340228116
253000805
1493946388
453715590
1210891572
1721616877
1181271191
604442992
749030076
59846725
1797663201
1113925544
984607748
1512007986
1248724438
1979942899
195798183
1543140903
100852253
997146023
1666195132
1969594510
982878689
1153750174
705557958
2147102577
717291461
1210632937
2066474147
1320368835
395509056
416714867
1029111666
1682044058
269509852
95136528
363668498
1344361120
2075567903
551268987
867536671
289922454
802247439
2005812961
2525841
698553980
1090481722
602390871
976374920
1723470059
113424229
664335732
189647015
972409627
1431134924
702942113
652219311
494343461
1874103974
396350459
577343063
1002779546
826327085
390181823
129939137
2024013599
662949270
2105281349
1392632212
787530550
402556231
389665795
1387753523
1606058362
649631974
2036825759
1209316858
2127813712
1611855509
1079850994
1691235978
1570268863
112221947
1932338861
1711564285
1187577520
1888821761
348794184
984543062
176833994
1740065076
1588725834
909870578
1019202704
518810271
1940192612
1518532503
1918651568
1130020367
1000388768
848982691
1752825154
686261689
206498267
1202072242
1808444974
1899050874
736503498
367384822
1774581407
2024938284
856221581
626486551
1821758780
2102094623
710836145
1211514293
2122822439
1792676390
1291472290
631469091
679357403
493710980
1762223511
489022831
357434474
1467353726
1239031702
1120747054
247141904
591540414
1929146235
111487102
1826893466
1601389798
156071522
828242853
1805779867
1171771567
2042064525
1790017824
2091986203
1938649244
2139066041
1311034674
313160158
2047390304
276869559
1294605742
8508779
1566980075
774954414
1758452916
1445229987
1372683855
1584207825
760237048
605901150
92237791
781677108
1868445781
661207938
1023603122
853003193
1594922836
36996620
852281363
2101530033
1200398050
975313147
1235626733
1720553666
1312472139
1820855201
393413064
144658780
204357936
1951554832
907842592
651672611
1427491609
1002088923
84443865
1398363353
581783772
2006823649
119754094
1179794753
199884119
78006895
564209725
847673250
658385123
1784258923
1090260227
1150664513
1644707003
752102242
1716032806
888137007
1458593566
1523520736
1464386262
1335336759
1807109184
1239308329
1235001018
2051160969
801339568
704996361
136185065
196785013
587125106
1398704643
678236054
761450184
1291187179
1914565769
560639827
1440139371
163754812
788415764
1537759304
728970699
2101123308
1529453440
1047630360
1452696564
899615273
1273404459
1597504305
2123009970
2145564860
914604228
1291198145
366384231
1282684330
521104487
1478276173
1543416750
1831318255
925888105
1629508217
1973368006
498112067
1439563520
866261014
1426215927
561026668
1578950739
1802870034
914938708
1632284811
1666710336
361399956
1888300117
233873865
1580113082
496042848
597896638
175485563
1635074227
293675783
2129083729
349801351
665092106
1972263125
1583376835
1842385648
154242331
672640034
2069130133
1376961932
1832729485
1032703408
861275685
519943367
1242505340
445976703
2072241777
1995554865
374595604
911920966
1964171932
1662181267
1018341620
1829561123
1126771653
2132038250
1119399342
147056001
1288627560
920385254
55046901
933323297
628725643
1770021329
627687217
1008295504
700266330
1458602579
1647135046
895380508
980194750
843059280
443658217
251707759
1901841865
2016261210
772806316
1312680843
206576227
586056420
1839368758
476085528
94738837
1055264327
822347180
1641310728
859703920
2089414495
1227800284
1831332572
1785086312
1603331815
394849309
338879905
1842132752
1690109071
2128140836
985775937
591435496
210200266
355100335
1617872320
67198167
510474166
1025261057
692398641
1506132086
426080418
893253548
709036727
1485280462
611697876
2118267533
421024603
1795034343
1539689746
221640009
120716215
1037299254
1276293167
675612928
721169653
1359508182
833160488
102844257
550827557
1702850264
1532773113
613580646
2026094872
249274666
697007459
1752214676
2004632746
101035959
606271912
889016576
133754004
1967587561
220565494
134582015
1164212761
90649808
339808502
515637390
1120777991
164517379
2051911574
1158706754
270437240
1524757716
420909262
243695042
165205065
929664951
258887539
1793843359
878813546
1355277968
495249109
825474054
640962635
1708036210
123507101
877408081
236660526
2126885537
336395359
420369000
548602485
448157375
625819568
1103666972
1888863708
420477030
850009452
1544494987
745082611
587397647
633849047
973500570
99933419
1134480972
439559490
1581145157
979547397
2116661561
292848735
853880258
827283852
856603180
923557265
455430364
1778481963
1896697838
546816782
634997360
503683258
2085300083
1808535825
1732133100
1589957933
1312669154
1256735859
1564953420
1444095144
1875203855
450433905
878009694
190561897
870607113
149370374
1605993441
1594028586
1426279508
407723510
1338201292
1183720856
2059094748
2128406220
612037748
912512178
61961604
2073280700
1442402566
790512440
861712193
1963032999
1767682103
747889270
919894354
626468175
588468983
257449286
282564900
184878084
1296196507
1629923521
419053696
1463044832
240328485
1836371304
249052068
404926645
659780471
1145383552
538851472
1921238772
594012014
492621510
1911593563
1398874437
651101789
207888919
1766649725
2109110857
1801917905
1589871385
343352128
345599165
948477390
983733169
1109456702
894509637
1763453048
1504593442
1810847974
1073511218
663104160
1040857563
579188667
901662894
1130398958
1424914275
1944945367
655161803
1040821521
1042047481
1603718740
853506703
1446885780
21468234
1324561439
1797592174
346913578
547190275
1469397508
426691500
1796762905
1025953060
531217036
1642817078
1315789664
1612183624
445010404
1421999003
1651716986
2110129390
2002824741
2124029264
1507897412
1930650491
862267459
1917023100
5619054
1328984816
367607768
1089427953
7876
484
7432
3982
4773
5909
311
548
5412
4638
6394
677
5344
8549
9628
1975
7402
3331
2730
9279
8531
1202
1269
7797
4049
4137
368
7573
3505
3713
9500
944
9730
7120
6760
7360
430
5924
6825
1794
9727
2599
4368
4098
4079
3526
6362
9341
2152
6411
5603
4436
5633
7752
8703
3902
130
2151
9938
3916
45
5821
3616
4986
4900
8405
5918
7215
1706
4543
7985
322
8519
7836
2515
3277
3761
8889
7360
6618
966
2813
7797
3767
5943
2408
2444
3650
6986
7465
5307
8361
4962
1458
349
8474
1037
1729
9789
6345
7810
7751
3738
9459
5318
8382
4496
1656
4973
5795
5550
8259
7844
2360
2645
3900
9110
5104
1274
8552
4287
2633
8108
67
5630
692
6579
5208
4749
1738
2314
7097
7785
4725
5971
3998
8027
5906
2647
4973
4172
6148
45
3419
5655
7759
4986
8108
276
4642
9126
3022
7730
2829
3864
291
2314
4512
6288
368
1093
8025
1333
3462
2561
332
536
751
9334
9284
4610
7872
1808
6751
9682
3611
8602
8494
8820
9115
6163
8648
9978
6916
1607
1187
7845
3576
3735
2360
9587
6928
4208
9408
7008
8995
5803
7573
6563
7844
3012
1941
9172
3843
2218
3598
7418
5013
2686
5821
9362
8751
9538
2375
8623
8529
7354
9474
5761
1626
4124
739
9218
3661
4740
4530
1357
3335
545
3843
1071
5445
2767
7625
8405
3260
3016
5072
7565
837
9207
5928
205
9908
5293
3159
3288
781
1427
5023
5726
1392
4981
5004
216
2121
4836
7921
6902
3563
894
298
2696
6552
2254
1372
487
3027
9990
5212
8927
2351
1452
504
4321
9775
7216
6636
3159
4797
8916
3729
2009
3262
9048
8219
3350
5157
5567
3262
2185
8085
1007
1714
3055
8569
9516
762
9515
8994
9082
6345
3092
225
7756
123
6362
5013
3093
8259
7280
1037
2626
5517
2309
8436
1180
7165
9985
2180
9942
8907
314
3018
315
728
3595
3905
7702
9340
7220
9713
1339
2402
5567
8636
4840
5409
1461
9147
1446
613
4447
5113
7220
7780
9652
7467
4749
4826
2941
5028
2107
3020
7485
2437
8483
6461
4906
9730
846
3840
9195
7398
7924
944
9061
962
495
9614
7356
1995
4124
8677
9153
1346
334
6083
1812
4216
2992
3534
1392
633
207
9396
3684
1988
631
3697
1377
5948
4547
8219
5322
9005
5255
1365
2443
5212
9461
6971
1041
5130
8208
784
8375
2003
6592
8703
9001
5436
9771
566
4013
1196
8059
7194
10
376
877
3172
9450
3621
7759
9800
2757
1295
6666
2708
4289
8351
1134
4671
8922
1925
9076
6852
4387
2746
6617
2683
5016
4805
9394
8618
3916
8039
6986
8426
9747
9506
7254
7710
9587
2048
5903
7498
5630
739
4223
7161
7185
7955
8508
2099
1070
5585
112
1894
6501
7738
548
7670
9822
1566
9908
2988
36
6785
8466
7769
2360
5115
1512
2025
8783
6252
1592
4318
9989
1346
528
2375
6236
7513
5382
9955
2696
5194
9185
9186
4289
4671
3354
484
5255
7543
8052
4155
8796
7085
3056
1229
9358
5369
8399
7360
7761
2668
5629
7010
6336
4610
1800
5717
3251
3979
1085
8730
4571
3265
2685
9323
8539
9514
2236
6235
9334
671
522
2254
5136
154
9077
9701
1269
6142
8223
3418
6503
4434
2806
6908
2512
950
6853
2781
9083
1839
2066
7857
6098
9750
1377
588
7780
2393
2363
6734
9121
8209
1295
6013
881
8741
1086
389
5886
4491
3871
1752
3897
6767
1767
2780
7247
4547
4850
9971
376
7907
762
9270
1876
3729
3565
7215
9015
7491
5223
3499
2456
8671
5888
1361
923
325
5284
4396
4805
5391
4025
7732
9396
4677
9115
6686
9174
8474
5619
4926
9898
3755
4047
2189
2468
2586
2633
2806
1863
6095
8612
1740
5200
7678
3140
3755
3056
5914
766
9152
3156
1760
3395
4053
6394
7492
918
4964
6573
4535
8338
4489
6346
5199
8815
5734
3001
3448
4771
7454
3084
2610
1070
4715
1022
7780
831
9300
8976
8209
6213
2619
1977
4516
4832
3375
6572
9823
6236
9517
9817
9350
7600
8593
5341
2610
1456
6997
5406
9204
9775
4496
5004
9456
9340
8145
2408
2693
7945
6581
2812
7525
8208
6088
3208
4840
3586
1273
3625
3998
5176
553
914
1767
5615
5186
6769
5377
4157
8496
7054
1713
3902
3435
9015
4126
1007
6329
2483
8874
2617
9098
7099
127
6432
3584
9639
215
9277
3167
2031
6775
8496
7650
8498
4554
2205
6563
2575
1085
3799
5776
8531
1460
8995
9260
8663
5465
9539
1341
4215
5903
620
1477
7807
5672
3606
1802
8335
4084
4972
504
5212
280
371
6115
3000
8796
9506
5909
2973
8771
5587
7485
6695
9499
2626
1592
1274
8175
3771
1232
2180
9427
5740
5267
2443
8519
5130
3650
4961
1469
5550
802
1555
6970
2151
7754
5002
1339
9608
9871
750
6614
2328
6083
9682
5293
2781
2829
8277
6293
3603
866
7161
3722
1007
9239
4035
2508
2955
9747
427
5582
4532
2985
6780
9307
1267
7248
5197
3648
733
5290
9818
845
9463
8940
1889
9643
2126
7910
3863
9786
5002
9107
279
200
1495
225
1322
7773
3311
5801
9042
1763
1157
179
9776
1663
3897
3725
2610
4547
4766
7398
6548
1519
7669
4287
4049
9186
6989
3630
200
5673
2887
3309
1120
6995
2296
4079
4501
6928
8137
1943
5309
2340
8615
1075
2990
2846
3801
9234
5828
3581
9193
9690
193
2911
1237
5481
9373
9547
3241
5826
528
6982
5093
8742
1166
5959
994
9037
2668
4178
2181
4378
9195
1977
6061
7483
5747
8049
4610
9362
5449
8075
7921
588
6432
5761
7985
7770
1839
1891
2507
5585
6339
6543
5706
7538
5245
5906
7789
8267
5371
290
4699
2850
765
8922
1673
6979
6193
3350
4213
8076
6581
2187
7187
5623
7099
9028
7085
4407
5119
4863
9515
1036
4359
7235
7371
9736
9388
8204
6643
7754
2682
9245
193
9371
2412
6098
8993
1794
8867
6769
8454
3888
7598
3167
8749
9931
3705
2358
7311
2137
6827
9215
7625
7600
9987
2842
5188
7446
7492
8505
7849
8523
8648
7607
4328
8075
451
9440
7706
3994
9752
2292
9836
6854
2121
4048
5521
620
607
8964
4523
1080
6538
2189
4387
2992
4303
3448
2048
7559
766
1801
8817
1640
2455
8751
389
5196
3534
186
9639
7973
9987
9373
2101
8674
2480
1740
8194
5943
8849
436
2137
935
9837
4914
5433
1257
4007
6855
4327
9474
8005
5207
4471
9341
3148
5302
9049
8204
4740
7403
3845
5284
8623
7966
8021
5975
2348
8192
6591
6924
3809
6637
9974
7382
5582
805
9446
3767
8062
4017
7538
9797
7248
8015
1873
5672
8165
9477
3655
7222
5914
5197
7883
9598
5160
9394
6349
849
4464
9631
7629
3549
1042
2431
5267
4894
6801
3611
7706
6142
2228
349
3001
2309
3327
631
8602
9629
6979
671
9517
299
7955
6365
3668
5406
201
2535
5732
6284
1460
3247
5114
1237
5958
5673
6094
7818
965
2644
7631
9965
9028
8796
3415
9902
3668
5001
4492
1664
6250
1635
124
6072
1656
8832
8454
5332
783
5717
1777
3269
2637
1339
7433
6203
2124
8114
1675
7026
9446
508
4458
4368
9643
6595
4987
7253
4460
9539
8347
9639
7216
37
6275
1357
2107
2574
4719
3725
2115
4573
5331
6909
6383
1138
4303
4908
6953
522
5475
4908
1208
592
9440
8588
7756
1801
4376
9525
3586
5526
3247
6251
5275
7667
2126
1704
6920
7550
3407
5603
7353
7196
6213
588
2497
8409
7422
8021
5603
4522
6240
5734
1110
6230
7276
3178
7647
620
3379
3162
2179
1194
4791
2120
2638
5477
2687
6025
6193
8952
794
622
4179
7301
417
6653
2939
5735
4346
8638
1665
9076
7655
321
5475
5128
9696
1207
930
4779
9170
291
4323
6810
7503
6516
4084
5918
8462
5373
4461
1853
1243
9348
7447
6539
7678
2271
1713
5056
5334
129
3050
3720
2432
6723
21
1528
3697
7538
6970
3146
7452
7525
4411
1961
5507
4541
7368
5943
4018
3733
8907
1531
7378
6605
348
1989
2437
2398
5012
8383
2791
1788
2306
2214
3841
7497
3139
2499
4179
1269
1143
8147
4517
7214
1848
5282
9366
7901
2687
7789
2645
6365
5478
1925
2175
1521
7545
7321
2002
6142
5922
5894
1468
3622
5461
8822
4978
3309
5377
2205
6192
6801
6662
99
155
9463
9898
2941
3840
9709
9496
7923
4537
1586
4304
6760
727
2029
3118
4541
3526
4295
6482
4368
2598
1392
7574
1425
755
8383
8508
3863
4553
9054
333
4975
866
3864
3807
7631
1024
8642
6053
4075
5603
7315
399
2351
9606
4157
3055
3260
7012
9764
5132
1938
3073
5838
9404
626
2251
7924
3243
1800
5449
3082
5747
6719
7694
4976
9082
751
6652
8498
4567
900
9118
2189
2526
8392
4555
6050
7562
1941
1822
4619
6775
5835
5353
3871
3743
6617
7694
6279
420
1470
8165
7562
1663
8738
119
8049
5341
4501
7121
7692
39
1284
553
5527
7026
6191
3878
7507
9230
5014
6329
2444
5289
1098
2870
8277
2739
8761
2480
6970
8674
7606
9595
5771
5296
3547
7896
8527
1546
6221
8216
4972
8907
3493
9344
9015
4672
2637
3640
6404
3090
2686
765
3561
5418
457
9396
459
720
3920
3582
3632
6279
6605
205
6859
8480
4421
3431
3017
33
520
6279
7746
8027
4472
2606
7500
8690
6516
2088
2115
7503
9274
9700
4537
9344
8648
9759
8897
2766
5187
399
4973
2253
8815
4359
8874
3435
4065
1488
9346
802
6909
6331
3052
3579
8749
6610
3022
1336
9606
5903
4396
8057
1744
4307
9298
9978
455
5735
6284
4421
7454
4537
4555
5224
7354
7527
9494
2628
870
4415
968
6986
1998
6337
1036
8933
7087
66
4034
5623
5791
1729
9851
2072
4035
2396
6973
3146
4522
3230
8106
387
2870
7007
6148
9862
133
3237
5953
8212
9049
9786
574
1236
2437
9696
7168
4137
7371
504
7497
3736
4562
8533
8514
222
7661
1812
3863
7086
4360
522
4434
720
1925
4695
8927
9131
7445
50
8905
420
8952
6423
4972
9003
2795
6775
1892
5685
9186
3743
2390
4650
7924
5732
267
6517
9506
7457
5910
270
1365
5634
4535
9055
6760
6455
5752
1673
9445
6140
1085
7896
8052
4068
3331
8435
1219
8464
8764
1274
3048
9652
4295
4048
9706
6771
8776
1022
4213
6098
4932
8076
9629
9571
9971
9472
2095
9115
2683
4614
1911
9459
2314
2781
9631
7869
6203
1259
3419
847
914
1134
5794
8479
6448
7700
9930
4049
2115
9684
7911
9299
9506
6301
1089
1089
7661
2994
5270
41
2009
4715
8326
2718
7786
7253
5633
7614
1202
766
4671
399
8277
7945
2870
6879
1922
1672
6250
7558
334
6017
1891
2577
8569
8734
2352
6423
8941
2003
6558
421
4705
8964
1143
3727
6505
6192
280
8771
8747
8546
1555
7280
1795
2941
9233
2686
3263
3000
9524
7674
3636
622
796
5449
9357
9579
7558
4087
3335
3616
782
5672
5928
2074
1481
5814
4808
8505
9777
9284
3614
3576
7761
2074
344
9924
8546
6020
6017
455
4989
5803
5578
208
5507
894
4554
8749
6795
958
9754
6443
6539
5014
4816
7672
2523
8632
600
6751
3260
7992
9955
4975
195
3249
7202
1635
7607
7433
460
9559
5791
4699
5214
6689
2508
9218
2508
4671
833
6031
1738
6558
8258
4129
5194
8250
574
1794
5431
7861
5886
8764
5132
8062
1816
7593
4555
4424
8219
4652
8463
9680
7232
3612
387
7733
29
503
2856
3684
1777
6648
6895
3241
9107
6962
8174
4560
4218
3733
1567
1640
3636
9379
1232
3447
8204
9082
6531
8027
4701
8876
3700
9243
5346
8483
5007
5001
1811
8941
3539
8876
6887
6922
1575
3243
6725
2988
6960
436
2049
2850
6404
7446
5373
5230
9517
1134
3321
5388
6013
9686
2831
4805
4496
6094
2871
3705
7816
9737
5577
9062
9898
1607
1136
1450
5468
6971
9832
6898
9538
6259
5212
8519
3960
152
9063
9851
7235
4784
1022
3414
9459
6275
2366
2150
3654
4415
170
2300
2390
26
1909
4514
1519
1637
7202
9303
1476
8771
5119
6401
5004
9379
1590
7847
6221
7403
2492
3018
5224
531
5306
8399
2492
2407
8832
421
5475
4018
5907
5160
8137
1481
7505
4745
9726
2414
6992
4563
7506
4968
4218
350
9172
1219
8179
340
2106
9015
7631
7291
9218
5794
6920
4044
6617
9680
2111
3215
484
5918
7976
825
5878
2710
968
5289
6640
4390
8126
5243
5197
8533
4805
6867
8117
8052
8028
1452
6059
4298
3012
7937
9494
6096
7443
2899
6924
1586
7629
7185
3242
50
3493
7215
1761
7492
9538
7121
3090
4056
9946
748
1795
3290
4047
9499
3719
4032
2072
1763
3505
1556
460
9667
5417
3205
2785
7967
4527
3271
2586
8432
2647
9152
6517
7111
4836
3208
1839
3033
6932
9227
7867
5341
2431
2314
2887
6385
2871
7860
9810
3892
7360
8466
1432
3050
2829
7972
7575
2562
7040
157
5967
4007
4087
8914
4900
2476
9227
672
1120
9174
8796
3204
6448
130
6317
9153
7215
9782
3925
5560
789
6752
2812
4987
8196
6346
1298
8568
5204
4008
2242
3241
2730
2703
2475
3621
8483
7786
968
7769
2032
33
2397
1259
849
918
7242
8638
3608
5444
3138
7640
7559
5872
2295
3059
8997
5918
4704
9516
3611
5713
8906
1316
317
567
9493
4053
6680
9924
8030
9095
5349
9942
7630
1935
9455
5284
9494
6771
1236
21
4208
5495
9990
7726
1041
9243
1637
2217
3582
2745
7491
2888
6088
6121
2476
6572
6739
8569
5390
8179
8618
3367
7978
9725
4135
5959
5059
6823
4250
3841
7591
5904
9061
6548
3215
9328
503
2601
6801
1345
3744
404
90
8993
6934
3270
5655
8711
1651
3437
1895
596
3066
279
376
6033
6758
9727
9659
8897
5478
8813
7566
8817
3599
6448
7417
2181
1664
4962
2292
8052
5833
8703
3655
3237
454
5583
727
6365
2297
7785
7860
7083
477
6331
8258
5922
79
41
2348
9456
4720
5130
2081
5849
201
9186
3465
4087
7657
3892
2480
9598
954
152
1561
3598
4994
3419
6953
1673
8480
1760
2625
7703
9456
1301
1995
962
6354
7985
8233
7619
7297
8905
6301
1084
4677
784
595
9659
4670
8590
2804
8598
8100
3073
1714
8922
4490
4490
9333
2526
507
8494
1769
2358
7111
3713
7195
8347
1495
548
2703
157
4516
3279
8299
4916
5589
7009
2366
2664
5282
9245
5903
9204
2205
2471
837
7591
9170
5961
404
9686
6573
7511
1220
54
2017
9358
8216
1854
1208
7386
2349
454
8783
1566
5971
3270
9684
154
8943
5245
5675
9427
8039
5431
1180
4207
6972
5435
8620
888
8127
7465
3164
7371
6803
1243
1183
4407
215
9490
790
8652
6686
5012
1531
8059
2791
5551
447
9851
4652
2586
7242
7087
1194
7650
6388
5243
8636
3273
1305
8899
6689
2710
9845
3237
1345
4457
50
5589
3205
5626
5292
325
2349
3447
9648
4498
1290
5943
5941
4916
4767
9455
1922
2617
6111
9408
8139
8730
9054
1892
6115
2941
3505
3145
4657
4004
5813
3598
3311
8914
8360
5828
5191
7543
4295
7589
5941
7730
9559
2402
6293
4784
5672
5346
74
4421
2034
8615
508
7457
4810
3736
625
2398
3309
4688
3178
5302
9595
5814
9143
6421
1124
2106
6547
9408
9938
5382
9176
1586
2846
2242
1370
8740
8212
2465
5583
3380
7577
7432
3761
317
8145
8660
4635
7500
7600
109
8579
5765
4532
6652
8593
8219
3905
5752
4750
448
1628
3367
5927
6640
2011
6020
7836
6694
4042
151
5085
8916
5384
286
4740
9366
8152
9011
589
4930
1365
6700
2844
4930
989
7043
742
9040
1114
3092
7365
7305
3087
1704
6836
4024
7845
8997
3776
5461
5214
7008
941
322
5914
9978
4771
4724
3465
775
7498
6275
344
1162
6718
3165
322
6461
699
8262
9113
2416
8157
2465
2029
51
6140
7503
900
1046
9037
7702
6339
4789
1257
5488
8395
3418
5016
8620
6039
978
7378
2088
286
6017
9357
9011
8998
3496
8549
3973
5752
3827
776
5387
1468
5945
8300
5361
8880
5146
3684
2351
8903
4836
825
5894
3265
2314
7575
3052
5534
8867
3293
9454
6019
1445
9406
5126
9048
8734
7043
9005
9517
9406
1136
8464
6421
9884
9803
9346
8139
1419
2456
7422
341
8330
8874
7171
4712
9157
5251
3004
3694
8223
3477
9121
9121
5612
5477
66
6637
2500
3770
9040
2951
3202
6361
4124
3073
776
1451
8549
8816
9230
1971
9884
8679
4968
2583
9307
7323
6805
1322
4517
6636
2032
9157
2314
8742
8149
270
586
4173
4370
9845
4436
459
5508
3878
6103
9388
6654
495
2994
2955
8432
6867
1592
9682
2499
3765
2708
508
3311
5853
3202
3215
7672
9095
2607
2936
9514
6717
7365
8742
7710
7807
4460
7192
7196
5575
1512
7805
5630
430
9439
1854
5214
5797
1011
943
5128
6189
5377
9147
1007
5915
4638
9910
8174
7393
4385
2365
3595
7959
4981
6887
7128
3565
8778
5318
762
417
8952
3270
2659
5488
1011
7111
2655
5975
1022
8679
5307
3793
8587
9823
5943
7418
6473
1809
5418
1397
4784
5211
2175
626
9324
2285
3093
8820
3262
1489
4578
215
1008
4281
8436
5581
3826
531
2606
1561
4207
291
6431
6825
6111
6803
5943
3539
9898
2574
2599
9782
5835
9324
9461
2680
789
7880
7083
1021
6791
7447
8849
290
1008
4079
1208
6095
7320
3375
7534
9525
816
4567
1257
7312
9892
6317
1714
5136
816
943
1100
2475
5514
29
7890
9741
9328
8726
7386
5961
1372
3462
7483
4931
8435
6924
5072
1873
492
1080
4778
6610
164
48
3172
3024
9837
4826
3208
5045
941
6613
3735
7657
8505
5191
228
9500
9176
1146
8057
6823
728
8508
9690
2253
1628
2500
8375
5349
5775
7139
5542
7364
3583
4032
8300
2871
5801
5732
48
9817
8149
2598
8075
8383
9307
1336
4906
6288
6866
7600
3247
9090
8262
3765
6703
1138
6934
67
4702
3549
3722
7773
7867
8823
2610
6260
1938
6009
8920
4791
5928
7270
3771
35
5383
3084
5869
7669
9906
9737
4065
5676
4797
5383
6133
8444
5895
6879
9358
7575
1760
5465
7805
7700
1290
9910
4472
8174
3149
9143
6457
9083
2979
3576
6343
1979
9021
8481
1419
4720
7418
2663
2753
4573
9628
1607
6443
1664
6893
5924
8388
3925
1477
9274
54
1113
9698
6937
2973
9568
8481
3016
5922
7696
4865
3656
5958
3770
8426
5258
6167
5361
2205
4098
6336
427
9628
1397
2561
5307
9503
3534
5381
8277
19
7943
531
784
8454
6613
3900
6248
5245
2094
3118
2535
8590
7297
436
2300
37
1854
9844
5758
9110
4421
6343
6547
2275
3447
5928
846
1089
5269
8304
3279
8196
4865
1100
913
5663
4672
2455
7422
8962
9207
3656
9440
7973
2031
8539
4184
6793
4007
311
3081
3755
3701
6490
2509
3583
1461
7312
4961
2804
1285
5504
6302
1162
2002
6088
3735
9454
314
9129
7391
5258
7054
1392
4725
5271
5575
5546
8728
3581
4
7967
4044
4878
743
6205
7549
1470
558
794
4707
7185
7066
3608
3750
5676
3288
8663
2314
558
4571
1424
6248
37
6995
2499
4122
5685
8529
5838
5409
8114
4818
8199
193
870
600
6899
333
6173
4522
3640
5194
1142
7849
2961
6191
6275
4535
7780
360
4268
5904
3024
1204
1996
7589
5916
547
9771
1421
7069
1752
1965
2072
5468
4287
6591
4074
7254
7647
728
5814
4360
6508
6302
7402
2025
3816
4178
2390
1075
5258
523
8690
9781
8068
1672
5674
99
5072
360
417
3994
7885
2628
1259
9445
5747
8489
299
5146
3396
2767
1561
7315
2218
8546
7625
6665
2728
7086
2029
692
622
8026
8903
9298
5795
2011
4818
3156
6855
356
6538
3048
7711
1809
6662
9896
5223
6388
298
9170
8039
2644
9515
6114
6592
8912
9496
9040
4695
3500
159
3776
8382
1100
2445
2374
7121
4166
5575
8632
7880
5521
8813
159
8657
6552
9725
5239
4126
9659
6643
2190
8147
5187
8258
8734
5527
4479
5771
1081
4719
2868
6789
5387
9656
6579
4779
2329
9236
1744
186
487
1024
9454
2088
8588
7423
5445
2583
3632
4281
653
3148
1476
3205
2820
9726
7513
7506
1046
1113
4173
9107
3811
9648
3814
5833
1935
8272
6548
536
5270
4972
4553
8023
8264
291
436
7761
7382
2181
8660
3738
4863
2931
6257
4135
4964
4460
4252
1816
6648
6858
1585
4385
5438
4346
7703
9817
6010
825
3139
3744
1653
6928
2937
7749
5176
4865
6284
9239
4649
3718
4480
5422
4932
7674
3081
1389
6336
2352
4403
8392
6924
2120
4480
3251
9809
699
7288
8815
1424
7378
4124
6695
8523
6813
170
4840
8326
2120
1081
5118
5460
641
3888
2396
6680
4704
7378
5849
1989
9334
8700
7926
7972
4289
958
1965
5436
6361
7040
7749
2844
1664
90
4101
6324
6962
5204
8209
854
7501
112
2685
539
5740
3799
4122
8025
9085
3538
2275
4757
1403
6654
4832
4434
9614
2957
3691
9524
2151
4915
1516
6121
3841
1316
1891
2871
8864
9614
2322
9965
6
2329
3960
9061
8657
9809
5583
4165
7465
832
9474
9898
9701
8898
7598
8667
4784
4017
4396
2682
3560
9866
1361
497
448
5945
6433
9003
341
3706
8976
5332
2693
507
8822
4863
4307
9568
8711
2214
8623
4172
54
4935
7770
9764
5560
1988
5408
2663
7614
2909
2856
7966
5126
7836
3350
4773
8480
7513
6163
3814
7501
4421
127
9085
10
31
3020
6625
2645
371
7948
6432
34
6382
1592
7364
9777
8519
133
8329
3024
5223
3811
5408
5895
4419
8579
9288
3920
733
5128
2451
3277
6516
3395
5059
9832
9843
3415
4815
1098
333
1432
9896
8677
6149
8759
2601
9445
6529
1807
5915
5344
8329
6793
3290
9307
4821
3500
4241
8454
9427
2931
7247
9754
1873
454
3089
1284
796
6130
9752
2942
6758
8209
3720
4017
3547
3743
5230
7730
1761
8466
2728
7655
506
8451
1537
99
6853
8741
8998
2791
4563
6221
3493
3251
7369
3526
6031
5270
4268
1425
6431
4068
8395
7010
6331
5740
9233
4084
9450
3706
1110
5128
5275
477
5475
2397
5942
1229
1350
8765
8569
9129
1546
7445
8463
7417
912
9499
7321
2095
8674
3835
1713
2483
6383
1767
7333
2868
9725
7501
2971
586
5382
8971
1336
504
1979
5188
9759
2757
4621
6115
6401
6767
179
4705
5211
7949
1401
4961
5042
9832
1427
547
2562
6216
2938
7550
2163
3924
5309
2163
356
2685
1187
6171
4231
3263
5433
19
7194
4981
2295
2534
1093
3380
8209
6140
6020
671
1671
586
4469
4512
847
6765
9750
2659
4155
633
4652
7012
7280
2623
1456
9656
2868
4926
775
9335
7943
3335
7247
7629
9233
3900
4885
1740
7810
5545
6503
6257
4723
6508
7880
372
8874
9786
6653
8742
2742
3354
7187
7857
9514
7276
3579
6626
7650
4729
9957
3202
4216
1717
3355
3036
5115
8514
2748
8357
2275
4642
6203
8612
3809
672
2351
9512
6337
5942
6216
2111
6433
3309
5864
4446
9891
1084
8026
7898
451
5853
6482
8618
9323
2781
4507
7746
2025
5384
3269
6448
7973
3262
317
5
5306
5439
4494
7636
3858
2626
1316
34
6130
2844
2713
4767
8100
1876
9371
7097
2939
1267
5907
6205
5470
8256
5869
9946
9571
7452
7270
79
8481
4789
155
5534
8361
8898
5521
3767
2806
195
9130
723
3012
2101
5212
6970
4298
3407
5422
6666
2349
2780
4966
1350
9461
8027
119
7423
3682
1699
1305
2734
9001
8783
6752
8062
7386
159
6852
4184
207
6588
6614
5044
5048
1421
164
3563
6385
592
3036
2407
8730
5113
2944
8479
8734
4821
1046
430
2708
4406
7620
6529
4869
7368
9845
3905
1555
6989
742
6385
1401
6382
9000
9388
7311
9974
7860
5508
9892
8789
2252
1961
2686
7549
2795
1021
5196
8700
7565
3148
3200
6019
1450
5765
7605
1081
1596
5104
1571
6133
4745
6251
733
8976
6052
7320
6982
129
5296
9195
4526
9258
2785
1626
9176
7874
7333
2730
7966
9077
4975
3307
1664
4056
1267
5629
1113
5044
2251
8864
8552
4025
6687
7398
1873
8792
1275
9178
8152
129
6970
9361
9312
5587
6962
5438
9280
4994
208
7417
8738
5191
9000
6958
9985
475
1118
5176
3538
6208
1792
228
8304
7672
9891
2465
1488
1651
8279
3640
935
4553
8335
626
332
4390
8994
2034
6898
1389
881
1333
2296
2340
7710
8899
8432
4759
1275
789
6723
1469
923
6361
6114
454
2242
3661
2939
8912
6457
1995
8514
7507
989
8740
187
6765
8778
9800
6591
6324
3288
861
9709
8639
6251
8581
805
4335
6592
845
6717
9836
3534
4759
7732
1469
7803
3499
5
9178
7959
5072
8950
3066
3606
4979
4915
6665
1274
4750
2228
585
233
854
983
6490
2739
1237
2451
6508
492
8068
475
586
1124
3694
5928
8435
7545
4816
6167
5007
1446
1737
5048
2121
2385
2475
5269
1219
2734
5813
2476
6505
6899
7619
6687
4677
7923
5702
8490
5560
6795
965
4085
8776
2364
2252
3138
1432
4635
2445
8242
340
1183
8759
6899
3109
596
7007
90
9741
5468
2936
7534
7620
4778
2937
1505
1301
9616
5758
69
2408
2868
2124
6082
6
8906
6908
1405
481
1401
1552
3464
2393
2748
8258
5577
6866
4501
7711
267
2718
3724
9637
5093
7606
4411
4707
9764
4447
5573
5292
8949
7636
4560
6061
2385
3719
8516
5322
4549
2292
625
5953
5119
558
1298
7933
4406
2708
5627
8747
4118
8375
1561
9989
9957
5481
9736
9942
5578
4507
1989
8351
4900
1794
4865
5480
5888
3234
4699
672
6349
7139
4163
7378
2619
1929
3149
5577
9042
9637
3561
6694
1891
802
5056
5581
6082
5444
4034
6937
5619
4757
5045
641
6979
677
7948
1275
31
5675
2888
776
5910
3841
8951
7598
2017
1941
350
5331
7711
1100
4865
6902
4815
5435
8395
9335
9477
1338
6703
2575
3379
7558
2601
4498
2696
5545
2985
5971
8388
4547
7803
8976
9747
4543
6665
6932
4328
9348
1649
6009
6033
5042
2577
4053
1324
3458
1671
35
6050
3396
3858
9344
4621
2528
9690
2655
9700
7577
2962
6121
5302
4270
4978
1638
9741
5023
5795
8427
3727
6625
1649
9506
1552
1445
7168
2465
7391
1777
4270
9439
1437
5546
1166
4981
2251
2090
7353
7695
7978
8604
8620
6025
7883
5627
2534
69
4885
2285
8299
7573
1451
4573
2990
51
6895
2306
2236
4323
8075
818
861
1581
7195
8867
7696
1207
3973
2049
9258
9245
2471
9472
8889
2842
6096
2563
4784
8971
8209
6473
994
8816
7452
2057
2766
4771
479
9288
1429
6245
9378
7692
7501
3701
3606
7393
2781
8527
5775
3622
7696
9131
912
7733
3145
7171
1451
6208
1929
1445
7538
2296
1429
1808
8581
8730
216
3414
2218
4210
3350
4084
6053
1114
3033
8382
6700
2081
4489
8971
9021
5208
2271
6421
9554
2150
7069
748
1445
2985
3750
7640
6072
4359
5872
7301
8267
5071
9461
2820
6558
5948
9810
4471
781
1895
9675
3807
9204
5674
4461
2094
4914
8789
9776
3630
3018
9698
8402
2236
9506
6893
2292
2107
6734
8330
6260
5526
8424
5381
567
2515
1357
6256
7933
9843
3164
2753
2937
6259
6209
3924
5381
2606
6306
4657
6433
2742
4729
5473
607
6765
3215
4526
8674
2842
1162
2616
6617
9547
2731
7291
1495
9185
1338
8789
2328
1863
2190
5369
5361
9976
9006
1663
877
7423
9006
4208
1071
9234
233
5495
7911
3027
1516
5271
5002
2424
4619
2181
5388
9274
9554
4702
6201
5630
7288
6810
8604
8300
5514
8912
5334
2655
1274
9334
2625
7593
2179
5303
9098
5623
2807
4370
4403
6667
7910
1750
4489
3684
2414
7488
122
5634
9015
9366
9608
2015
8933
8950
3526
2072
8256
5408
1959
7726
1750
2955
9931
9303
9346
5239
930
3560
8405
536
2431
3458
8117
1183
6011
5344
8462
6898
8388
2451
290
8127
1577
7560
1295
3648
6437
766
3242
8962
6760
9930
7187
9713
4514
7120
4464
8761
7214
9754
8671
4074
6516
8516
7751
8364
3437
2962
2497
260
3816
4931
8409
7807
6301
7874
4562
2937
3801
7670
9902
3148
3897
8106
7527
2039
7012
2731
1769
5473
3625
5309
1089
6979
4260
6667
9185
1528
122
6689
2659
4231
1301
9675
8489
3691
7893
5001
2348
9927
6982
3458
4075
4304
9130
4818
4554
7356
5517
4004
8405
8357
3682
6605
1196
9005
2163
5971
7700
5906
7869
7465
4894
9554
254
4878
6636
3354
4791
5629
8839
7937
5332
8742
3486
208
8765
2090
2563
4360
317
7010
2432
7752
5581
4869
7876
3826
6245
1113
4766
6992
2599
545
4215
9113
4931
8023
2757
786
1007
775
2385
1489
2468
7040
6167
9725
4170
3355
2057
870
5480
818
276
2745
1596
5390
5290
1505
9629
8402
9667
1538
3599
5878
2285
539
9957
8030
7202
4241
7619
1848
8256
2507
6338
3799
344
5028
1653
417
1324
3109
7165
7872
4013
3603
5439
6240
6595
966
2217
7885
8100
6482
6572
2961
2911
3835
4166
9797
1437
7890
5495
1911
877
3273
1998
6552
9277
9193
6626
9871
783
1448
4819
9288
5477
321
9822
7589
8880
321
2029
4457
4850
4118
7896
9781
8920
1811
3226
1521
7574
6827
7797
5085
2412
585
4403
9490
3341
2094
6862
6853
2512
260
8951
5114
8464
7893
3654
5927
6972
3979
8621
1960
6618
5869
2703
7505
5504
4492
5713
497
9299
6401
6010
6337
1665
7605
776
1350
1729
5776
1377
2364
4042
6670
6858
4260
1370
4688
479
5507
39
8347
430
4252
9378
5726
6149
3242
983
6992
7244
3089
9844
9866
9118
9884
3321
7543
9525
45
6922
3327
5412
7847
6620
276
7488
2398
6718
5118
1372
9350
5794
9055
9396
7901
124
7511
7992
8581
4446
8100
8738
7369
4479
9494
6652
2599
427
6431
9333
9906
99
8192
6670
3200
3001
523
586
4639
8059
6538
1960
1341
2680
4549
9503
1795
4335
9236
506
1556
6103
1581
5728
8264
1959
5573
504
4434
8272
4129
5243
4137
9358
7893
2152
9121
6813
2015
9260
6338
2528
833
9215
2365
372
3486
8106
5303
5740
8621
1301
9736
5803
5507
3140
4650
9927
9800
34
4355
315
7301
1142
6039
4241
7066
2314
790
4578
5626
1638
9616
913
1802
7305
2039
9862
5967
1113
9579
6960
8085
8375
1220
8424
6531
4355
2957
1808
7630
5371
5685
8652
4494
2638
7667
2497
6279
6354
3109
6201
1516
9279
9445
9270
4712
1537
5794
9077
4491
2831
6862
26
152
3230
536
8005
8250
5853
9493
2374
5224
3724
1157
9675
4894
8157
4989
4371
8279
207
2785
4378
8839
4210
1448
36
8028
7608
1273
7566
6997
2696
6203
2664
1888
3982
5582
481
5157
8357
3998
775
6785
2988
5186
6306
4517
3598
5191
4810
1285
6248
4368
7816
950
825
4101
4670
7447
5864
5207
6620
34
9427
3584
8451
5663
1042
4321
9427
4360
2185
6252
8175
7244
9000
8587
7871
9448
9639
8568
8490
7121
8817
5341
6411
457
8994
7323
1571
487
1157
4085
5269
33
5826
6052
9606
1975
8427
8587
8392
3458
1403
8194
7087
1084
9836
1488
7478
2878
3845
1538
9990
3765
1807
7926
4223
2297
9315
5943
3341
648
4808
7222
6437
5551
7818
8357
8726
5542
9406
5573
3036
743
4670
2971
151
1437
3017
7305
9404
6960
5306
3087
8949
1626
4424
3251
2899
1853
6173
1405
1176
7818
5478
3538
6775
34
672
6973
1909
311
1585
5204
4976
6455
4869
5747
6854
6171
7976
4701
5615
7443
3827
8015
3354
1086
1943
7538
3109
31
2909
9750
9976
2713
4976
66
3162
4024
4836
1274
4981
1792
5301
1935
2535
613
4328
8639
755
7128
6150
3093
3715
6588
4826
3293
2682
5734
9803
8943
5706
2402
2530
4836
4469
8792
6235
3204
9361
5224
6230
3701
7009
9706
7311
8426
5251
8360
9121
4514
3307
9092
2979
2647
9312
448
69
672
5916
430
36
4966
5353
6958
8771
3082
1822
3271
1071
4295
5726
1638
9713
5910
3549
9789
3614
7949
1269
8127
4371
7560
2066
7696
5014
5508
9092
5702
7069
1448
4129
8496
3715
2878
254
4979
9818
4461
8388
2057
8728
8995
4749
7695
3464
6789
8126
7608
4523
9126
4819
1577
6859
6362
1717
1737
6256
2121
978
2364
222
1788
1996
6189
1236
447
8927
3149
4172
9448
4407
1470
4972
2623
6739
2931
7848
2099
2942
3059
4
9288
750
6853
8233
7738
1761
7467
2944
2509
6543
1176
653
6937
9737
6150
5906
4766
7861
832
3496
2813
5271
8880
6719
7907
520
870
1146
8424
6805
1143
9048
523
5200
3448
2253
440
3004
2408
123
8667
2530
314
1889
4523
6011
6791
387
2806
888
4935
3249
3165
1339
4639
4649
1458
5612
2254
8199
7280
1070
9910
592
9931
5412
4900
7871
9350
2432
4530
8463
8598
6552
2416
9076
6780
600
596
5797
8642
950
1675
1894
5728
4170
5391
1965
8823
74
3477
3612
1118
5629
5331
5470
1204
3700
7196
1971
8426
6111
9512
4406
348
4318
1811
2523
2124
4241
2616
523
6059
6111
6588
8242
9063
4415
50
4135
755
109
566
5071
37
187
4527
2938
2844
589
6813
2941
2807
6725
1888
7898
2994
2115
1575
2275
1590
8444
3718
4165
8463
2936
9280
4163
5418
4327
944
2363
3431
6501
1699
7669
6836
2187
2951
4614
595
9800
6421
8075
2414
8726
3793
5589
2322
9315
2443
6652
3547
3270
4469
954
8940
4376
387
2583
7232
3431
7187
3273
9300
1889
1706
7194
7848
3140
5301
4906
4914
7901
4458
2424
3234
3036
5199
4250
2746
723
7192
6588
4723
2456
8364
5224
1392
782
7120
6209
440
6192
9515
831
8612
8338
648
5460
6349
9090
9062
7478
9270
786
2607
5417
2780
4008
6916
783
4419
9323
5794
1567
3226
4724
5551
2285
7297
0
0
0
0
0
0
0
0
0
0
0
0
0
0
0
0
0
0
0
0
0
0
0
0
0
0
0
0
0
0
0
0
0
0
0
0
0
0
0
0
0
0
0
0
0
0
0
0
0
0
0
0
0
0
0
0
0
0
0
0
0
0
0
0
0
0
0
0
0
0
0
0
0
0
0
0
0
0
0
0
0
0
0
0
0
0
0
0
0
0
0
0
0
0
0
0
0
0
0
0
0
0
0
0
0
0
0
0
0
0
0
0
0
0
0
0
0
0
0
0
0
0
0
0
0
0
0
0
0
0
0
0
0
0
0
0
0
0
0
0
0
0
0
0
0
0
0
0
0
0
0
0
0
0
0
0
0
0
0
0
0
0
0
0
0
0
0
0
0
0
0
0
0
0
0
0
0
0
0
0
0
0
0
0
0
0
0
0
0
0
0
0
0
0
0
0
0
0
0
0
0
0
0
0
0
0
0
0
0
0
0
0
0
0
0
0
0
0
0
0
0
0
0
0
0
0
0
0
0
0
0
0
0
0
0
0
0
0
0
0
0
0
0
0
0
0
0
0
0
0
0
0
0
0
0
0
0
0
0
0
0
0
0
0
0
0
0
0
0
0
0
0
0
0
0
0
0
0
0
0
0
0
0
0
0
0
0
0
0
0
0
0
0
0
0
0
0
0
0
0
0
0
0
0
0
0
0
0
0
0
0
0
0
0
0
0
0
0
0
0
0
0
0
0
0
0
0
0
0
0
0
0
0
0
0
0
0
0
0
0
0
0
0
0
0
0
0
0
0
0
0
0
0
0
0
0
0
0
0
0
0
0
0
0
0
0
0
0
0
0
0
0
0
0
0
0
0
0
0
0
0
0
0
0
0
0
0
0
0
0
0
0
0
0
0
0
0
0
0
0
0
0
0
0
0
0
0
0
0
0
0
0
0
0
0
0
0
0
0
0
0
0
0
0
0
0
0
0
0
0
0
0
0
0
0
0
0
0
0
0
0
0
0
0
0
0
0
0
0
0
0
0
0
0
0
0
0
0
0
0
0
0
0
0
0
0
0
0
0
0
0
0
0
0
0
0
0
0
0
0
0
0
0
0
0
0
0
0
0
0
0
0
0
0
0
0
0
0
0
0
0
0
0
0
0
0
0
0
0
0
0
0
0
0
0
0
0
0
0
0
0
0
0
0
0
0
0
0
0
0
0
0
0
0
0
0
0
0
0
0
0
0
0
0
0
0
0
0
0
0
0
0
0
0
0
0
0
0
0
0
0
0
0
0
0
0
0
0
0
0
0
0
0
0
0
0
0
0
0
0
0
0
0
0
0
0
0
0
0
0
0
0
0
0
0
0
0
0
0
0
0
0
0
0
0
0
0
0
0
0
0
0
0
0
0
0
0
0
0
0
0
0
0
0
0
0
0
0
0
0
0
0
0
0
0
0
0
0
0
0
0
0
0
0
0
0
0
0
0
0
0
0
0
0
0
0
0
0
0
0
0
0
0
0
0
0
0
0
0
0
0
0
0
0
0
0
0
0
0
0
0
0
0
0
0
0
0
0
0
0
0
0
0
0
0
0
0
0
0
0
0
0
0
0
0
0
0
0
0
0
0
0
0
0
0
0
0
0
0
0
0
0
0
0
0
0
0
0
0
0
0
0
0
0
0
0
0
0
0
0
0
0
0
0
0
0
0
0
0
0
0
0
0
0
0
0
0
0
0
0
0
0
0
0
0
0
0
0
0
0
0
0
0
0
0
0
0
0
0
0
0
0
0
0
0
0
0
0
0
0
0
0
0
0
0
0
0
0
0
0
0
0
0
0
0
0
0
0
0
0
0
0
0
0
0
0
0
0
0
0
0
0
0
0
0
0
0
0
0
0
0
0
0
0
0
0
0
0
0
0
0
0
0
0
0
0
0
0
0
0
0
0
0
0
0
0
0
0
0
0
0
0
0
0
0
0
0
0
0
0
0
0
0
0
0
0
0
0
0
0
0
0
0
0
0
0
0
0
0
0
0
0
0
0
0
0
0
0
0
0
0
0
0
0
0
0
0
0
0
0
0
0
0
0
0
0
0
0
0
0
0
0
0
0
0
0
0
0
0
0
0
0
0
0
0
0
0
0
0
0
0
0
0
0
0
0
0
0
0
0
0
0
0
0
0
0
0
0
0
0
0
0
0
0
0
0
0
0
0
0
0
0
0
0
0
0
0
0
0
0
0
0
0
0
0
0
0
0
0
0
0
0
0
0
0
0
0
0
0
0
0
0
0
0
0
0
0
0
0
0
0
0
0
0
0
0
0
0
0
0
0
0
0
0
0
0
0
0
0
0
0
0
0
0
0
0
0
0
0
0
0
0
0
0
0
0
0
0
0
0
0
0
0
0
0
0
0
0
0
0
0
0
0
0
0
0
0
0
0
0
0
0
0
0
0
0
0
0
0
0
0
0
0
0
0
0
0
0
0
0
0
0
0
0
0
0
0
0
0
0
0
0
0
0
0
0
0
0
0
0
0
0
0
0
0
0
0
0
0
0
0
0
0
0
0
0
0
0
0
0
0
0
0
0
0
0
0
0
0
0
0
0
0
0
0
0
0
0
0
0
0
0
0
0
0
0
0
0
0
0
0
0
0
0
0
0
0
0
0
0
0
0
0
0
0
0
0
0
0
0
0
0
0
0
0
0
0
0
0
0
0
0
0
0
0
0
0
0
0
0
0
0
0
0
0
0
0
0
0
0
0
0
0
0
0
0
0
0
0
0
0
0
0
0
0
0
0
0
0
0
0
0
0
0
0
0
0
0
0
0
0
0
0
0
0
0
0
0
0
0
0
0
0
0
0
0
0
0
0
0
0
0
0
0
0
0
0
0
0
0
0
0
0
0
0
0
0
0
0
0
0
0
0
0
0
0
0
0
0
0
0
0
0
0
0
0
0
0
0
0
0
0
0
0
0
0
0
0
0
0
0
0
0
0
0
0
0
0
0
0
0
0
0
0
0
0
0
0
0
0
0
0
0
0
0
0
0
0
0
0
0
0
0
0
0
0
0
0
0
0
0
0
0
0
0
0
0
0
0
0
0
0
0
0
0
0
0
0
0
0
0
0
0
0
0
0
0
0
0
0
0
0
0
0
0
0
0
0
0
0
0
0
0
0
0
0
0
0
0
0
0
0
0
0
0
0
0
0
0
0
0
0
0
0
0
0
0
0
0
0
0
0
0
0
0
0
0
0
0
0
0
0
0
0
0
0
0
0
0
0
0
0
0
0
0
0
0
0
0
0
0
0
0
0
0
0
0
0
0
0
0
0
0
0
0
0
0
0
0
0
0
0
0
0
0
0
0
0
0
0
0
0
0
0
0
0
0
0
0
0
0
0
0
0
0
0
0
0
0
0
0
0
0
0
0
0
0
0
0
0
0
0
0
0
0
0
0
0
0
0
0
0
0
0
0
0
0
0
0
0
0
0
0
0
0
0
0
0
0
0
0
0
0
0
0
0
0
0
0
0
0
0
0
0
0
0
0
0
0
0
0
0
0
0
0
0
0
0
0
0
0
0
0
0
0
0
0
0
0
0
0
0
0
0
0
0
0
0
0
0
0
0
0
0
0
0
0
0
0
0
0
0
0
0
0
0
0
0
0
0
0
0
0
0
0
0
0
0
0
0
0
0
0
0
0
0
0
0
0
0
0
0
0
0
0
0
0
0
0
0
0
0
0
0
0
0
0
0
0
0
0
0
0
0
0
0
0
0
0
0
0
0
0
0
0
0
0
0
0
0
0
0
0
0
0
0
0
0
0
0
0
0
0
0
0
0
0
0
0
0
0
0
0
0
0
0
0
0
0
0
0
0
0
0
0
0
0
0
0
0
0
0
0
0
0
0
0
0
0
0
0
0
0
0
0
0
0
0
0
0
0
0
0
0
0
0
0
0
0
0
0
0
0
0
0
0
0
0
0
0
0
0
0
0
0
0
0
0
0
0
0
0
0
0
0
0
0
0
0
0
0
0
0
0
0
0
0
0
0
0
0
0
0
0
0
0
0
0
0
0
0
0
0
0
0
0
0
0
0
0
0
0
0
0
0
0
0
0
0
0
0
0
0
0
0
0
0
0
0
0
0
0
0
0
0
0
0
0
0
0
0
0
0
0
0
0
0
0
0
0
0
0
0
0
0
0
0
0
0
0
0
0
0
0
0
0
0
0
0
0
0
0
0
0
0
0
0
0
0
0
0
0
0
0
0
0
0
0
0
0
0
0
0
0
0
0
0
0
0
0
0
0
0
0
0
0
0
0
0
0
0
0
0
0
0
0
0
0
0
0
0
0
0
0
0
0
0
0
0
0
0
0
0
0
0
0
0
0
0
0
0
0
0
0
0
0
0
0
0
0
0
0
0
0
0
0
0
0
0
0
0
0
0
0
0
0
0
0
0
0
0
0
0
0
0
0
0
0
0
0
0
0
0
0
0
0
0
0
0
0
0
0
0
0
0
0
0
0
0
0
0
0
0
0
0
0
0
0
0
0
0
0
0
0
0
0
0
0
0
0
0
0
0
0
0
0
0
0
0
0
0
0
0
0
0
0
0
0
0
0
0
0
0
0
0
0
0
0
0
0
0
0
0
0
0
0
0
0
0
0
0
0
0
0
0
0
0
0
0
0
0
0
0
0
0
0
0
0
0
0
0
0
0
0
0
0
0
0
0
0
0
0
0
0
0
0
0
0
0
0
0
0
0
0
0
0
0
0
0
0
0
0
0
0
0
0
0
0
0
0
0
0
0
0
0
0
0
0
0
0
0
0
0
0
0
0
0
0
0
0
0
0
0
0
0
0
0
0
0
0
0
0
0
0
0
0
0
0
0
0
0
0
0
0
0
0
0
0
0
0
0
0
0
0
0
0
0
0
0
0
0
0
0
0
0
0
0
0
0
0
0
0
0
0
0
0
0
0
0
0
0
0
0
0
0
0
0
0
0
0
0
0
0
0
0
0
0
0
0
0
0
0
0
0
0
0
0
0
0
0
0
0
0
0
0
0
0
0
0
0
0
0
0
0
0
0
0
0
0
0
0
0
0
0
0
0
0
0
0
0
0
0
0
0
0
0
0
0
0
0
0
0
0
0
0
0
0
0
0
0
0
0
0
0
0
0
0
0
0
0
0
0
0
0
0
0
0
0
0
0
0
0
0
0
0
0
