1490687540
2086448890
937463931
692255867
2099934014
2146378478
1165507787
490684944
2140985707
993104866
1637142437
11804717
1614523648
6586485
2070690062
375152323
2077562353
1806871149
838863738
1546814571
284645981
200731624
1433289022
1543858525
1075611061
1743199742
1625632680
702576196
1242248785
1644744539
1453582804
877403577
198180913
13746093
980394284
1155182344
664910479
302062093
1929607743
1315432837
2066877119
1120310474
627459476
595037630
488104062
1560737816
1467474075
1273050608
653245702
881467452
522790330
2127163418
705566309
1574293338
796489929
2000928204
1574228256
1747765181
1831066430
856869444
301036765
1004746096
188319066
682230344
498519159
163290482
1663127639
1568064375
1095777641
887210123
2045596309
222393804
35745286
996164975
209092178
112727964
117929418
1011869245
25915548
1715
1950336756
2042501321
408109555
524934054
719332013
863043145
2065848749
108418533
21725757
269973614
1237740667
360234507
1562167179
1913378933
863063408
533990920
487177775
1407422693
1226929417
165027202
1945187977
1072322821
251203729
544646867
716457538
792412126
1116230213
204360648
1786805328
608619239
780220413
1004324688
2088534301
139390060
2062950884
215538735
1131035197
309448379
1552721691
1800903440
129908509
1037841089
1014316144
161388164
1960457225
1323096235
1477522572
14787553
787628465
1557929249
1423061234
1911212350
1166391836
973711652
1846065270
1925667925
880371117
1062041125
9598252
2055437316
2049078477
555143402
950854395
1209205523
306302588
135241072
1884164805
1509329429
621574307
836174687
796013183
1252283891
104128561
1925247037
191206820
1578617186
1265038940
2005056127
454613361
1842921078
1165701643
685146000
882722798
509350048
768440104
214578380
792001411
1847184999
1382408888
1676042701
479383699
1060303682
1998663244
1786705752
342510953
2107393975
465771074
1684232863
1243661300
1428165946
72625651
540298087
619623689
1851282038
1221496301
2089582748
1619365523
1287313215
1675340696
579270996
1840261064
1425096223
2106853315
1255862569
364830299
1790601287
861198713
1197109306
881576299
1179179720
2014
5182
3253
3871
8496
1222
2571
9229
3892
2427
4443
9838
207
8033
8206
5561
4915
5457
8850
6134
1382
1041
7900
2106
9837
4374
3194
3760
2719
2496
947
3915
7763
5747
667
3482
4031
5731
6134
5197
5798
3547
3455
7768
2501
2571
207
1950
498
9295
2127
3916
2335
1096
2528
7763
2452
598
3414
9261
3897
7035
3761
5835
2469
185
5594
1366
1096
9726
667
8513
4188
1402
9159
496
4479
4915
9431
1366
8850
2175
5197
2586
9822
8346
6151
7462
4317
3845
8600
3540
8909
904
2718
6734
8101
3521
4399
849
6617
2191
9822
4283
6389
6642
7532
1981
5302
9199
8653
5378
5881
3572
8572
5790
3998
1454
5378
8572
6358
4326
4374
3646
667
6693
6126
8893
3757
638
6683
1771
49
5646
1069
9118
5662
2127
3916
6718
2033
7896
9737
344
2020
3757
1097
344
904
7411
8124
2020
6539
6917
2670
8909
1941
5747
389
955
5741
841
7707
210
5223
3886
678
2501
335
6046
8978
9431
903
8706
3892
2014
7237
155
3044
3004
9118
7744
1764
9921
3005
2106
7014
3005
2516
8460
4399
1587
2469
3971
3553
8119
2660
7411
1096
6046
1563
5473
8268
3505
4057
5561
298
7707
1563
6623
2697
8600
3834
2586
5115
4188
9295
8495
910
807
8075
5457
9229
4317
49
2244
9726
6617
8732
7951
3956
5881
1041
7376
5731
3616
4741
6041
3547
3897
2351
3731
2254
1921
509
8881
6552
3583
9841
4443
9701
903
5413
2943
6585
807
638
7462
9177
3596
855
676
5093
6481
3193
3194
4251
349
849
4781
6391
1976
8550
6585
3449
3757
9340
5842
2496
5836
8526
5056
2285
4524
6370
831
3646
5164
8075
4659
1662
4532
1099
4591
6738
8337
6481
3886
2130
3641
4178
3641
6642
7892
7757
678
4031
4333
2014
8346
9981
7128
8496
1317
5270
1222
54
3269
9697
6134
1950
7896
349
2058
5413
8926
8206
5662
7036
4532
3998
8460
6683
5270
5726
4584
2501
8893
7682
8119
8526
9605
3073
9981
9379
2025
3166
4584
8550
5222
5924
1771
2586
5473
9051
7768
2303
2427
1049
4178
1976
5726
5741
1229
5164
3915
2624
869
319
335
8966
5741
8488
9295
4251
2254
7757
3761
9229
7900
4937
1711
4283
5307
2175
3583
5197
5466
2496
1223
3572
6539
8706
5307
8268
515
9159
7343
1764
8101
6316
2033
5592
7014
3455
496
3596
9342
2058
5275
2665
9697
3871
7678
6134
8966
9784
3540
6389
2528
2666
4057
7237
3193
1229
7678
869
9261
3572
8495
5924
8302
7682
9199
2351
2516
9737
7184
9340
5836
9837
3834
7532
54
1463
955
2943
6316
5790
2087
7565
32
4659
766
3175
9701
1981
7110
2331
9541
1940
5223
2303
8353
6250
1069
8685
9051
5594
9784
8881
8685
82
8933
5618
8302
155
1097
9422
319
8033
1517
8454
1382
6738
344
1711
1940
9422
3956
2697
6683
910
3449
1099
8454
8353
5056
2553
9342
9340
849
6851
3073
4724
2130
4724
4098
8926
6041
6917
5618
2285
3004
5547
5798
4937
4181
4781
8978
7110
2025
8488
5182
515
6126
4212
3461
2660
3482
207
9397
4937
2191
5592
7343
6693
7036
5115
2718
6244
5835
1517
7892
2452
8337
2635
3871
2670
2635
7763
2719
4098
3414
5842
3553
6250
7343
2087
2665
1921
5466
4741
947
4479
676
5327
9838
7339
4822
8933
9266
3616
910
3845
3175
6851
8075
6391
7035
9175
855
4784
4212
947
2666
2331
7128
5798
389
4915
298
1050
2244
6514
6552
1766
7744
7462
5327
32
2014
3971
3553
9397
4524
5093
1317
1587
2472
7184
9605
9553
5547
3505
2335
8513
3540
831
7339
2472
6151
1662
5275
6514
6623
1097
7900
766
6244
3731
1766
5182
9175
2501
5222
2175
9737
4326
4181
9379
5302
1049
5592
807
6358
3044
1223
3166
82
9177
9553
5646
7951
8966
1976
7757
1463
9841
1050
3269
8732
4443
6734
8706
6370
498
9921
6718
9266
4724
841
9541
210
7565
8653
1402
509
7376
9697
6113
9397
2553
3760
3461
598
4784
8124
185
4591
4822
6113
2624
1454
3521
3253
4333
1941
7900
187
188
61490
190
191
192
36268
194
195
3174
197
198
95905
200
201
202
12818
204
205
82414
207
208
83106
210
211
212
42140
214
215
16626
217
218
56929
220
221
222
65777
224
225
24684
227
228
78806
230
231
232
49775
234
235
17935
237
238
75656
240
241
242
82316
244
245
52881
247
248
35395
250
251
252
40321
254
255
467
257
258
72185
260
261
262
99498
264
265
16158
267
268
92453
270
271
272
34806
274
275
24735
277
278
71083
280
281
282
26464
284
285
84206
287
