940989
1681477
4222118
5031425
7689551
7763854
14145477
16578322
17302107
19590769
23067514
23498393
24646464
26482090
30569661
30899101
32490533
32917411
33599383
40369134
40589284
51012761
56521440
58442170
58971716
59120455
61854490
65206090
66609474
76396124
77732494
80456274
80504582
81746592
86115683
88453415
89633464
94743196
97470655
99556316
101480879
104289577
105848094
106324782
109644542
109670023
109748823
114303789
116556705
120905827
122461469
123862025
128851264
129391028
129932893
136456486
137743808
142127311
143333261
145371219
148851554
151325269
151619916
152087394
155378931
155541150
159468989
160513813
160831590
161621690
163749477
165773595
168721781
170904076
173089310
173668619
173946141
180895959
182130847
184070103
186140207
187127341
190879203
191806754
194518225
197748577
198970401
200890213
202533982
202982759
216310919
217115302
217302756
219520517
224428527
229242187
229941943
231799214
235447445
238543817
242070709
242681549
246566219
247886409
249033674
249119572
249617310
252493338
253592491
255461734
257280411
258130051
259252821
260577594
266080349
268565992
268799081
275418562
278854691
284296281
288207794
289628029
290743536
293458751
293699900
299903365
303417089
304363551
306607069
308969566
309195656
315663634
322297226
325225517
327658568
328949419
329481888
329689187
336818100
338201152
338362591
338395061
340314951
344464117
344478318
346837245
347798925
348776136
350658885
352540282
353156502
354911359
355395822
356723885
358332709
368745689
369611717
370818663
371147035
374219084
377661613
377853165
381081883
385164405
387557461
387563031
388789505
389007496
389157065
389418478
391219261
393075966
394755758
394826910
395027999
395525785
396844225
397435171
397911596
401368659
401586253
404649434
411326817
412325784
416411779
419610428
423926633
426520941
429572633
429736397
434802034
449475968
457844296
459245548
461111901
461567417
463387781
465325217
466222847
469774894
471911996
472325209
474460018
475675800
478330595
481864476
483243805
484164660
485586911
486358296
488265487
489852937
492493949
495522420
497933455
507954173
509616977
512863891
513405176
514188252
515499578
522263145
524097818
525254382
525871306
528474859
528793722
529035920
535669002
536138455
540643443
541158608
541908869
542243245
544173922
547851816
548639603
554047929
554239393
554629281
560159671
560741892
566473719
566492743
567210003
568208475
573555839
576563670
578677513
579733257
582719164
587086887
587512267
588501181
589073652
591451519
601214897
605795514
608396092
609567767
609963522
610086251
612215970
618192015
620678897
620814135
626248309
626767921
627062075
629775967
630442287
631121325
633884545
634759108
636301465
636930282
638421592
638623661
640077388
641123962
641999893
642554801
644740701
644763138
648352856
650145425
650145425
653907977
655987554
656791867
661775593
662381356
665408686
666395705
668787486
670023058
670845342
672188263
672479117
675999201
677367643
685146947
689587377
696344158
698735986
699341619
703122871
703374077
706941661
707344283
709647404
713034659
728604071
729114407
730698292
732354600
732835851
733473136
734103186
736191717
736612690
737260386
737337076
742249897
743021039
746622073
754382486
757389999
757988820
758212542
758701227
759465935
760954231
761576221
762846184
763762698
765111538
768562572
769346053
771220901
773177277
774636922
775895893
775943613
778637614
779406652
779885120
780379920
782215302
782710205
782933166
784448041
786461703
787148220
788323025
788493900
789419742
790248961
791517948
792705116
793894143
797256172
803521419
805852519
806158548
808672428
810152726
812623337
812771505
814049331
815358264
817733830
817765562
819073491
824089861
824254287
826171096
826588402
833333385
835392936
837941252
839071658
841106475
841936097
844371570
845628887
848155454
848441738
848489086
848619180
849393528
853084832
854861506
858976033
859642491
866533180
867799137
869418668
873922886
876212153
876499176
876571288
885096227
886090714
886402634
889752544
895548875
898680798
903741872
905791172
905988170
907015470
907295549
908328286
908850633
911443957
913645392
915517802
915599793
915808743
919126302
922445373
924040592
927989713
928331764
928551606
931878951
932835080
934245804
934933051
936826075
939851588
939871264
944229841
945589726
947205088
949575537
949992384
951003612
951802301
957916351
959489373
960590797
960796744
962747600
963086705
964009861
965102508
965440513
969946674
971403845
975855725
977099841
979752791
982138502
982425224
993931081
993950542
996087429
996417245
1000207151
1002401277
1002980667
1006139425
1007938613
1014624586
1018047567
1018263977
1020280269
1021356475
1023816185
1027765081
1029024623
1029530822
1035169962
1035589190
1036954284
1039403908
1043144688
1045004051
1045894650
1048050670
1053043669
1054230217
1054509274
1055009315
1056881217
1061264330
1061423091
1064114185
1065548933
1068634067
1069124238
1071073534
1071374625
1071893557
1074471991
1074531642
1074700758
1079176712
1082430776
1083869989
1084983669
1085737062
1094231972
1096453982
1099007200
1101610619
1104701869
1105395172
1106637137
1107256670
1112587564
1113004807
1116897683
1117931990
1124674915
1125071360
1126366419
1128716115
1133822036
1133938918
1135557303
1144112349
1144603937
1148453398
1152449136
1155634749
1156519875
1160442412
1160558086
1160890051
1162438398
1164164052
1165370690
1167244132
1167262753
1169369919
1172215322
1176368690
1176403754
1182712179
1182820968
1185052880
1186128787
1186457388
1193609976
1194197249
1194404900
1195376842
1198503094
1200591948
1202267720
1208904729
1209113046
1210053613
1211167018
1213070406
1213887251
1215623788
1216069763
1216956470
1218110269
1219824431
1221736330
1222802460
1224387148
1228841672
1229373004
1230330741
1237574518
1239487214
1239901513
1242045705
1243835196
1244487801
1247502849
1249942035
1252241697
1253662969
1264867676
1265911874
1267917593
1268752608
1268988065
1270294815
1272629879
1274088209
1280248424
1281868197
1288014050
1297040050
1297231751
1298584642
1298726126
1300749520
1301989080
1304264419
1304530424
1312264557
1313539944
1313858998
1314159790
1318724964
1319412290
1319559596
1323332900
1323473041
1324685049
1325612707
1326219070
1328561113
1329868534
1330265056
1334160572
1334368148
1337051563
1337139347
1338715893
1345433756
1346439414
1362230790
1362398841
1364015909
1366030553
1372979651
1374690507
1375027876
1377340807
1381432337
1382801348
1383826557
1384418514
1385839303
1386139860
1387805092
1388668119
1389673503
1392469669
1393030705
1395199742
1397737488
1402536270
1402916757
1403254463
1409785157
1412623205
1413315461
1414450599
1417320072
1418416224
1420022604
1421989292
1425523922
1427567028
1428535574
1428720856
1429911247
1430558961
1430575364
1430869936
1431826466
1436982019
1439623208
1440241733
1440838009
1446830565
1447879239
1449115126
1449408474
1450453986
1450480978
1452741521
1452846956
1457329665
1460433146
1462417827
1465751806
1466581889
1469705636
1472330726
1473955040
1474108791
1474983390
1475032649
1478711885
1479423774
1481818362
1481932186
1488372029
1491429155
1493443282
1493553310
1494731663
1499985088
1500150354
1500764726
1501606719
1504234147
1505994256
1510741018
1511409206
1511412726
1514036003
1515960236
1516161202
1516891702
1517458804
1517794188
1521676518
1522256393
1525750601
1525989758
1536619934
1537014616
1537435276
1540372285
1544377145
1545850784
1545928523
1546018064
1547281152
1547460221
1556601259
1557138307
1559514218
1560255224
1560368814
1560840433
1560924936
1561957509
1563384947
1568032941
1572149186
1576214358
1576287447
1579053620
1579743877
1581565331
1582028158
1583057238
1585169158
1589666018
1589989168
1590531839
1590675271
1591588838
1591611540
1591781887
1592287079
1596161552
1596872242
1600114820
1602112990
1602706268
1602789904
1603555554
1609277418
1611391787
1618159256
1622265159
1622792885
1623852625
1625756153
1626724226
1627117871
1627337172
1628573222
1629962049
1633144525
1633147834
1639401643
1639818396
1641549337
1641867437
1643441296
1648210677
1654290378
1655926879
1657104152
1657401913
1657851522
1660094966
1662208190
1664642489
1664803239
1665090595
1665238237
1665755663
1669002593
1671131684
1674732858
1680431373
1681144349
1684621223
1689430719
1694877675
1696035142
1700006485
1701179739
1702660009
1703615292
1704347016
1704833146
1706577161
1710394736
1710804167
1715401055
1722206487
1722352975
1723584648
1725232161
1725383946
1728651867
1733313592
1735917273
1738101268
1739739001
1742472824
1746339349
1748080107
1749095712
1755431781
1757765295
1757993936
1759826762
1762906425
1764301335
1764974892
1767445743
1768268636
1771185165
1775883332
1778652417
1779458369
1780507986
1780740680
1781998597
1783382172
1783426574
1783774560
1791457997
1791734093
1793610826
1795161404
1799196118
1799337426
1799543967
1799969116
1802113283
1802344044
1806305516
1806641896
1814353023
1821109655
1824506972
1828576006
1828811124
1831366732
1832137885
1834159532
1834179260
1841494096
1844369069
1844503193
1844575132
1846074789
1846984690
1850038083
1851560899
1855048879
1860392470
1863817126
1864148925
1865717325
1866145549
1867299965
1873125500
1874061633
1875964079
1880655100
1881405721
1881601689
1886276747
1886454325
1889895730
1891057376
1898105802
1899557659
1905966212
1906789940
1909088042
1910341160
1911138234
1914480277
1916891510
1918018497
1923061397
1924309528
1926570490
1931010558
1932571019
1934193239
1940130894
1940287788
1941607840
1943460151
1944510069
1948245550
1952201576
1962287272
1963681115
1964518042
1966710647
1966740260
1972291515
1972626617
1975423773
1982628393
1983553419
1983636334
1986225298
1988041671
1994991623
1995313692
2002936390
2010940311
2011822811
2012926421
2014273509
2014670431
2014799497
2016567981
2018799288
2019461390
2022386937
2022708693
2024683953
2025273720
2027105271
2030155409
2032105465
2033045259
2035025318
2035661992
2035801137
2036720385
2038018324
2038610279
2039393480
2041585417
2043018436
2051936481
2052156909
2053859329
2054326412
2059699507
2063211859
2071913223
2075156488
2075580709
2075645453
2077763587
2079000414
2080229756
2080340421
2084166635
2084415411
2089740366
2090444259
2090990432
2093641952
2095876418
2097424964
2101030814
2101724941
2102075295
2104788399
2104961794
2105328527
2108954904
2112666144
2115434554
2116481997
2117262794
2123863250
2125893924
2126008510
2127701110
2130513749
2130714265
2132343703
2133608354
2133665071
2140899854
2143129273
2143181712
2145292841
2146163358
2146211464
