8
8
8
11
11
15
15
15
19
19
20
20
20
24
24
24
25
25
27
27
27
27
32
32
32
33
33
34
34
34
34
36
36
53
53
60
60
60
60
61
61
62
62
62
63
63
64
64
70
70
70
75
75
78
78
80
80
80
90
90
103
103
104
104
106
106
106
106
106
112
112
130
130
134
134
146
146
146
153
153
153
154
154
155
155
157
157
173
173
174
174
174
181
181
181
182
182
182
182
182
187
187
189
189
190
190
190
191
191
196
196
206
206
210
210
213
213
218
218
218
220
220
220
220
220
223
223
226
226
229
229
230
230
230
233
233
233
233
236
236
236
238
238
238
239
239
249
249
253
253
265
265
265
265
270
270
271
271
271
275
275
277
277
283
283
283
286
286
290
290
291
291
295
295
295
295
298
298
298
298
302
302
306
306
309
309
323
323
324
324
324
330
330
331
331
344
344
349
349
350
350
351
351
353
353
361
361
370
370
371
371
376
376
383
383
387
387
403
403
405
405
411
411
413
413
416
416
417
417
424
424
426
426
426
428
428
428
433
433
433
433
441
441
444
444
447
447
450
450
451
451
453
453
453
453
453
458
458
462
462
462
462
466
466
470
470
473
473
473
476
476
483
483
485
485
487
487
489
489
489
491
491
499
499
499
500
500
507
507
509
509
509
515
515
517
517
517
523
523
523
524
524
526
526
538
538
538
544
544
552
552
554
554
556
556
558
558
562
562
566
566
566
571
571
574
574
574
574
577
577
578
578
578
581
581
583
583
583
586
586
593
593
593
593
600
600
600
601
601
602
602
603
603
617
617
628
628
639
639
639
639
647
647
648
648
650
650
653
653
659
659
659
661
661
661
662
662
663
663
663
663
663
671
671
672
672
673
673
674
674
674
686
686
686
686
688
688
692
692
698
698
700
700
700
704
704
706
706
708
708
709
709
710
710
710
714
714
715
715
720
720
720
720
723
723
725
725
737
737
742
742
742
743
743
748
748
753
753
753
759
759
759
762
762
766
766
766
772
772
779
779
779
783
783
787
787
794
794
795
795
801
801
803
803
804
804
808
808
811
811
811
818
818
818
820
820
820
835
835
835
838
838
852
852
853
853
853
853
856
856
856
858
858
866
866
868
868
868
868
872
872
872
872
877
877
877
879
879
884
884
890
890
893
893
904
904
904
909
909
910
910
912
912
915
915
923
923
924
924
924
928
928
928
929
929
930
930
931
931
937
937
938
938
942
942
942
942
948
948
948
950
950
955
955
960
960
962
962
964
964
964
964
966
966
967
967
970
970
972
972
978
978
978
985
985
985
986
986
989
989
990
990
1004
1004
1004
1005
1005
1005
1005
1010
1010
1014
1014
1015
1015
1016
1016
1016
1016
1016
1018
1018
1019
1019
1026
1026
1032
1032
1032
1032
1032
1034
1034
1038
1038
1042
1042
1068
1068
1070
1070
1074
1074
1074
1074
1078
1078
1085
1085
1094
1094
1106
1106
1122
1122
1122
1124
1124
1124
1124
1126
1126
1130
1130
1136
1136
1143
1143
1143
1146
1146
1152
1152
1155
1155
1155
1162
1162
1167
1167
1167
1177
1177
1177
1180
1180
1183
1183
1183
1185
1185
1195
1195
1196
1196
1199
1199
1204
1204
1210
1210
1214
1214
1216
1216
1221
1221
1221
1228
1228
1230
1230
1243
1243
1243
1248
1248
1250
1250
1251
1251
1251
1251
1259
1259
1259
1259
1259
1264
1264
1270
1270
1277
1277
1287
1287
1287
1288
1288
1290
1290
1295
1295
1295
1295
1295
1300
1300
1300
1302
1302
1306
1306
1309
1309
1311
1311
1311
1311
1311
1311
1312
1312
1321
1321
1321
1330
1330
1332
1332
1336
1336
1336
1345
1345
1345
1345
1346
1346
1375
1375
1377
1377
1377
1381
1381
1382
1382
1383
1383
1403
1403
1411
1411
1420
1420
1420
1421
1421
1422
1422
1422
1428
1428
1428
1429
1429
1434
1434
1435
1435
1436
1436
1436
1440
1440
1444
1444
1447
1447
1449
1449
1451
1451
1452
1452
1455
1455
1455
1456
1456
1456
1458
1458
1461
1461
1465
1465
1468
1468
1468
1469
1469
1469
1476
1476
1477
1477
1479
1479
1479
1480
1480
1488
1488
1493
1493
1493
1495
1495
1495
1495
1495
1495
1496
1496
1500
1500
1505
1505
1508
1508
1511
1511
1512
1512
1512
1523
1523
1523
1525
1525
1528
1528
1530
1530
1543
1543
1551
1551
1555
1555
1561
1561
1562
1562
1565
1565
1570
1570
1570
1570
1577
1577
1578
1578
1578
1580
1580
1580
1582
1582
1582
1588
1588
1598
1598
1599
1599
1599
1601
1601
1601
1601
1610
1610
1616
1616
1618
1618
1618
1618
1620
1620
1620
1626
1626
1635
1635
1636
1636
1636
1637
1637
1637
1642
1642
1645
1645
1651
1651
1654
1654
1657
1657
1660
1660
1662
1662
1662
1664
1664
1664
1668
1668
1668
1673
1673
1674
1674
1677
1677
1684
1684
1688
1688
1688
1696
1696
1698
1698
1698
1699
1699
1699
1704
1704
1706
1706
1708
1708
1711
1711
1713
1713
1720
1720
1724
1724
1725
1725
1725
1728
1728
1731
1731
1738
1738
1738
1742
1742
1742
1743
1743
1744
1744
1749
1749
1749
1751
1751
1753
1753
1753
1756
1756
1756
1760
1760
1760
1761
1761
1767
1767
1768
1768
1770
1770
1776
1776
1779
1779
1781
1781
1781
1784
1784
1788
1788
1789
1789
1792
1792
1800
1800
1800
1800
1801
1801
1806
1806
1816
1816
1817
1817
1820
1820
1823
1823
1832
1832
1835
1835
1835
1838
1838
1854
1854
1854
1854
1856
1856
1856
1859
1859
1861
1861
1861
1861
1864
1864
1866
1866
1873
1873
1873
1887
1887
1890
1890
1907
1907
1908
1908
1913
1913
1913
1916
1916
1916
1918
1918
1920
1920
1925
1925
1925
1925
1927
1927
1929
1929
1936
1936
1938
1938
1938
1939
1939
1942
1942
1942
1944
1944
1946
1946
1951
1951
1951
1957
1957
1957
1957
1964
1964
1976
1976
1991
1991
1993
1993
1999
1999
2003
2003
2003
2007
2007
2007
2019
2019
2025
2025
2025
2028
2028
2028
2030
2030
2037
2037
2048
2048
2050
2050
2050
2050
2059
2059
2062
2062
2063
2063
2063
2063
2065
2065
2068
2068
2072
2072
2076
2076
2076
2076
2080
2080
2084
2084
2088
2088
2091
2091
2092
2092
2094
2094
2095
2095
2107
2107
2109
2109
2112
2112
2112
2119
2119
2133
2133
2137
2137
2137
2150
2150
2152
2152
2161
2161
2161
2163
2163
2164
2164
2170
2170
2171
2171
2176
2176
2178
2178
2180
2180
2190
2190
2196
2196
2210
2210
2212
2212
2214
2214
2214
2214
2216
2216
2216
2219
2219
2219
2226
2226
2231
2231
2231
2237
2237
2246
2246
2246
2247
2247
2250
2250
2265
2265
2265
2273
2273
2275
2275
2276
2276
2276
2277
2277
2278
2278
2280
2280
2280
2282
2282
2289
2289
2292
2292
2298
2298
2298
2306
2306
2307
2307
2307
2309
2309
2311
2311
2312
2312
2313
2313
2317
2317
2319
2319
2326
2326
2328
2328
2328
2330
2330
2330
2334
2334
2334
2334
2334
2334
2341
2341
2343
2343
2346
2346
2347
2347
2350
2350
2350
2353
2353
2354
2354
2355
2355
2355
2365
2365
2368
2368
2368
2376
2376
2381
2381
2381
2383
2383
2384
2384
2386
2386
2388
2388
2397
2397
2397
2397
2397
2397
2397
2401
2401
2407
2407
2411
2411
2411
2416
2416
2417
2417
2417
2418
2418
2423
2423
2429
2429
2432
2432
2433
2433
2435
2435
2442
2442
2447
2447
2450
2450
2450
2450
2454
2454
2465
2465
2471
2471
2478
2478
2478
2483
2483
2483
2484
2484
2484
2487
2487
2487
2487
2487
2489
2489
2491
2491
2491
2491
2494
2494
2494
2495
2495
2495
2495
2496
2496
2499
2499
2500
2500
2500
2502
2502
2502
2504
2504
2504
2504
2509
2509
2511
2511
2511
2513
2513
2520
2520
2523
2523
2526
2526
2537
2537
2547
2547
2551
2551
2551
2553
2553
2554
2554
2554
2554
2554
2566
2566
2569
2569
2570
2570
2572
2572
2574
2574
2575
2575
2576
2576
2576
2579
2579
2579
2583
2583
2583
2583
2585
2585
2586
2586
2603
2603
2609
2609
2610
2610
2611
2611
2614
2614
2614
2617
2617
2618
2618
2618
2620
2620
2634
2634
2637
2637
2642
2642
2644
2644
2648
2648
2648
2655
2655
2658
2658
2660
2660
2662
2662
2664
2664
2665
2665
2665
2669
2669
2672
2672
2673
2673
2679
2679
2684
2684
2685
2685
2688
2688
2689
2689
2690
2690
2697
2697
2697
2698
2698
2701
2701
2701
2703
2703
2717
2717
2720
2720
2720
2726
2726
2731
2731
2735
2735
2736
2736
2739
2739
2748
2748
2754
2754
2754
2759
2759
2763
2763
2765
2765
2765
2780
2780
2780
2787
2787
2790
2790
2804
2804
2808
2808
2808
2808
2813
2813
2816
2816
2826
2826
2827
2827
2829
2829
2832
2832
2832
2836
2836
2840
2840
2840
2840
2841
2841
2841
2841
2842
2842
2843
2843
2849
2849
2862
2862
2864
2864
2865
2865
2875
2875
2881
2881
2881
2887
2887
2893
2893
2893
2898
2898
2904
2904
2905
2905
2909
2909
2911
2911
2912
2912
2913
2913
2917
2917
2917
2924
2924
2927
2927
2927
2927
2928
2928
2928
2932
2932
2934
2934
2938
2938
2941
2941
2949
2949
2950
2950
2950
2953
2953
2957
2957
2957
2961
2961
2964
2964
2964
2965
2965
2965
2965
2965
2966
2966
2967
2967
2969
2969
2970
2970
2971
2971
2971
2975
2975
2978
2978
2991
2991
2992
2992
2993
2993
2996
2996
2999
2999
2999
3002
3002
3002
3007
3007
3012
3012
3015
3015
3015
3015
3022
3022
3023
3023
3025
3025
3028
3028
3034
3034
3035
3035
3038
3038
3039
3039
3039
3049
3049
3051
3051
3051
3072
3072
3072
3073
3073
3078
3078
3080
3080
3085
3085
3092
3092
3094
3094
3094
3109
3109
3110
3110
3111
3111
3117
3117
3122
3122
3135
3135
3148
3148
3148
3151
3151
3151
3165
3165
3170
3170
3170
3170
3171
3171
3177
3177
3178
3178
3180
3180
3180
3181
3181
3182
3182
3186
3186
3187
3187
3187
3188
3188
3188
3191
3191
3194
3194
3196
3196
3197
3197
3197
3199
3199
3199
3199
3200
3200
3201
3201
3201
3201
3202
3202
3209
3209
3209
3210
3210
3210
3210
3211
3211
3215
3215
3215
3218
3218
3218
3219
3219
3219
3226
3226
3226
3228
3228
3228
3229
3229
3235
3235
3238
3238
3238
3240
3240
3240
3243
3243
3243
3244
3244
3246
3246
3246
3257
3257
3259
3259
3264
3264
3269
3269
3269
3269
3270
3270
3287
3287
3292
3292
3296
3296
3299
3299
3300
3300
3301
3301
3302
3302
3304
3304
3306
3306
3308
3308
3312
3312
3312
3312
3315
3315
3315
3315
3319
3319
3320
3320
3320
3323
3323
3325
3325
3329
3329
3331
3331
3332
3332
3333
3333
3333
3342
3342
3342
3342
3348
3348
3349
3349
3349
3351
3351
3354
3354
3354
3364
3364
3364
3364
3365
3365
3373
3373
3376
3376
3386
3386
3386
3387
3387
3401
3401
3403
3403
3416
3416
3417
3417
3423
3423
3427
3427
3430
3430
3431
3431
3433
3433
3433
3433
3433
3436
3436
3436
3442
3442
3442
3446
3446
3446
3448
3448
3449
3449
3456
3456
3463
3463
3463
3463
3473
3473
3473
3479
3479
3486
3486
3486
3486
3489
3489
3490
3490
3491
3491
3491
3492
3492
3497
3497
3505
3505
3511
3511
3511
3514
3514
3514
3515
3515
3525
3525
3526
3526
3530
3530
3538
3538
3538
3549
3549
3549
3552
3552
3554
3554
3568
3568
3569
3569
3571
3571
3572
3572
3572
3572
3573
3573
3578
3578
3578
3586
3586
3590
3590
3597
3597
3600
3600
3600
3609
3609
3610
3610
3610
3612
3612
3612
3613
3613
3615
3615
3615
3616
3616
3618
3618
3618
3618
3622
3622
3626
3626
3627
3627
3628
3628
3628
3638
3638
3638
3640
3640
3651
3651
3654
3654
3656
3656
3656
3657
3657
3657
3658
3658
3659
3659
3659
3661
3661
3662
3662
3662
3663
3663
3666
3666
3666
3670
3670
3670
3674
3674
3675
3675
3675
3678
3678
3681
3681
3687
3687
3687
3687
3687
3687
3691
3691
3691
3692
3692
3693
3693
3693
3693
3708
3708
3709
3709
3710
3710
3710
3714
3714
3714
3716
3716
3716
3721
3721
3721
3727
3727
3729
3729
3734
3734
3735
3735
3745
3745
3750
3750
3750
3753
3753
3759
3759
3759
3759
3764
3764
3764
3764
3771
3771
3777
3777
3780
3780
3780
3783
3783
3783
3793
3793
3794
3794
3802
3802
3803
3803
3806
3806
3806
3806
3807
3807
3816
3816
3824
3824
3826
3826
3829
3829
3832
3832
3834
3834
3848
3848
3848
3849
3849
3851
3851
3854
3854
3854
3855
3855
3855
3858
3858
3862
3862
3867
3867
3877
3877
3877
3880
3880
3880
3880
3884
3884
3885
3885
3890
3890
3903
3903
3903
3908
3908
3913
3913
3915
3915
3918
3918
3920
3920
3921
3921
3921
3921
3922
3922
3931
3931
3932
3932
3932
3939
3939
3942
3942
3944
3944
3944
3948
3948
3949
3949
3951
3951
3959
3959
3959
3959
3963
3963
3963
3965
3965
3969
3969
3980
3980
3984
3984
3984
3987
3987
3994
3994
3994
3995
3995
3995
3999
3999
4001
4001
4003
4003
4003
4003
4007
4007
4011
4011
4015
4015
4015
4016
4016
4017
4017
4023
4023
4027
4027
4033
4033
4040
4040
4040
4042
4042
4049
4049
4050
4050
4054
4054
4056
4056
4071
4071
4074
4074
4075
4075
4104
4104
4104
4104
4112
4112
4113
4113
4113
4113
4122
4122
4122
4126
4126
4126
4128
4128
4129
4129
4130
4130
4133
4133
4143
4143
4147
4147
4154
4154
4156
4156
4158
4158
4162
4162
4168
4168
4169
4169
4171
4171
4180
4180
4185
4185
4196
4196
4200
4200
4213
4213
4213
4216
4216
4216
4227
4227
4227
4228
4228
4229
4229
4232
4232
4234
4234
4234
4234
4246
4246
4246
4246
4246
4247
4247
4247
4253
4253
4254
4254
4254
4256
4256
4271
4271
4271
4273
4273
4273
4275
4275
4283
4283
4284
4284
4290
4290
4292
4292
4293
4293
4295
4295
4296
4296
4296
4303
4303
4305
4305
4305
4305
4310
4310
4312
4312
4315
4315
4329
4329
4330
4330
4336
4336
4341
4341
4341
4344
4344
4344
4346
4346
4346
4359
4359
4359
4361
4361
4371
4371
4377
4377
4378
4378
4382
4382
4385
4385
4389
4389
4393
4393
4393
4393
4394
4394
4394
4398
4398
4398
4399
4399
4415
4415
4419
4419
4425
4425
4425
4426
4426
4426
4426
4427
4427
4428
4428
4429
4429
4437
4437
4437
4443
4443
4446
4446
4447
4447
4459
4459
4459
4476
4476
4479
4479
4479
4489
4489
4489
4489
4495
4495
4499
4499
4499
4503
4503
4503
4505
4505
4506
4506
4506
4508
4508
4509
4509
4510
4510
4511
4511
4516
4516
4519
4519
4522
4522
4523
4523
4523
4526
4526
4526
4531
4531
4540
4540
4541
4541
4542
4542
4543
4543
4544
4544
4547
4547
4549
4549
4550
4550
4561
4561
4562
4562
4562
4565
4565
4565
4571
4571
4571
4573
4573
4573
4580
4580
4582
4582
4585
4585
4585
4590
4590
4598
4598
4612
4612
4625
4625
4626
4626
4626
4629
4629
4633
4633
4633
4636
4636
4636
4636
4636
4637
4637
4648
4648
4650
4650
4651
4651
4651
4656
4656
4657
4657
4657
4659
4659
4666
4666
4666
4666
4666
4674
4674
4677
4677
4679
4679
4679
4685
4685
4688
4688
4688
4691
4691
4694
4694
4694
4694
4698
4698
4702
4702
4703
4703
4705
4705
4707
4707
4712
4712
4712
4712
4712
4712
4714
4714
4717
4717
4718
4718
4718
4725
4725
4725
4729
4729
4731
4731
4735
4735
4736
4736
4747
4747
4747
4749
4749
4749
4755
4755
4763
4763
4772
4772
4779
4779
4782
4782
4795
4795
4795
4795
4806
4806
4812
4812
4814
4814
4816
4816
4839
4839
4844
4844
4855
4855
4862
4862
4862
4865
4865
4865
4873
4873
4877
4877
4885
4885
4889
4889
4907
4907
4922
4922
4930
4930
4931
4931
4943
4943
4950
4950
4955
4955
4957
4957
4969
4969
4969
4973
4973
4973
4973
4974
4974
4979
4979
4979
4981
4981
4981
4988
4988
4988
4988
4992
4992
4992
4992
4994
4994
4994
4994
4996
4996
4996
4999
4999
4999
4999
5000
5000
5000
5001
5001
5002
5002
5004
5004
5004
5005
5005
5006
5006
5007
5007
5010
5010
5034
5034
5036
5036
5036
5036
5039
5039
5042
5042
5042
5053
5053
5054
5054
5061
5061
5061
5061
5064
5064
5069
5069
5078
5078
5081
5081
5083
5083
5083
5086
5086
5090
5090
5100
5100
5106
5106
5113
5113
5115
5115
5115
5116
5116
5118
5118
5120
5120
5121
5121
5123
5123
5139
5139
5140
5140
5142
5142
5148
5148
5151
5151
5154
5154
5157
5157
5158
5158
5158
5160
5160
5167
5167
5179
5179
5182
5182
5182
5182
5183
5183
5188
5188
5192
5192
5205
5205
5208
5208
5210
5210
5214
5214
5214
5214
5215
5215
5215
5215
5237
5237
5237
5242
5242
5242
5261
5261
5262
5262
5268
5268
5274
5274
5284
5284
5285
5285
5285
5289
5289
5295
5295
5297
5297
5298
5298
5299
5299
5301
5301
5305
5305
5305
5305
5306
5306
5315
5315
5334
5334
5334
5335
5335
5341
5341
5344
5344
5344
5349
5349
5352
5352
5357
5357
5357
5357
5361
5361
5366
5366
5366
5387
5387
5398
5398
5407
5407
5407
5407
5415
5415
5423
5423
5425
5425
5436
5436
5438
5438
5442
5442
5449
5449
5465
5465
5468
5468
5469
5469
5471
5471
5478
5478
5478
5481
5481
5481
5485
5485
5485
5486
5486
5489
5489
5489
5490
5490
5493
5493
5493
5501
5501
5501
5502
5502
5502
5504
5504
5505
5505
5505
5506
5506
5506
5507
5507
5511
5511
5513
5513
5513
5513
5516
5516
5518
5518
5518
5520
5520
5524
5524
5524
5530
5530
5533
5533
5536
5536
5539
5539
5539
5544
5544
5545
5545
5545
5545
5546
5546
5546
5546
5547
5547
5548
5548
5561
5561
5561
5564
5564
5565
5565
5569
5569
5569
5583
5583
5583
5583
5588
5588
5593
5593
5597
5597
5603
5603
5604
5604
5605
5605
5605
5607
5607
5613
5613
5613
5617
5617
5623
5623
5637
5637
5638
5638
5639
5639
5639
5639
5667
5667
5668
5668
5668
5674
5674
5674
5681
5681
5681
5683
5683
5683
5683
5686
5686
5686
5693
5693
5693
5693
5693
5697
5697
5704
5704
5718
5718
5720
5720
5720
5722
5722
5722
5729
5729
5732
5732
5732
5733
5733
5733
5734
5734
5734
5735
5735
5735
5738
5738
5746
5746
5762
5762
5762
5762
5767
5767
5779
5779
5781
5781
5789
5789
5789
5792
5792
5792
5792
5794
5794
5794
5794
5795
5795
5802
5802
5804
5804
5804
5806
5806
5806
5806
5815
5815
5815
5819
5819
5820
5820
5820
5821
5821
5823
5823
5824
5824
5828
5828
5829
5829
5837
5837
5841
5841
5844
5844
5845
5845
5845
5845
5847
5847
5852
5852
5853
5853
5855
5855
5856
5856
5868
5868
5869
5869
5869
5878
5878
5885
5885
5890
5890
5898
5898
5898
5902
5902
5909
5909
5909
5915
5915
5925
5925
5932
5932
5936
5936
5936
5937
5937
5941
5941
5941
5944
5944
5946
5946
5951
5951
5952
5952
5953
5953
5963
5963
5964
5964
5965
5965
5965
5971
5971
5975
5975
5982
5982
5985
5985
5986
5986
5986
5987
5987
5989
5989
5989
5995
5995
5995
6014
6014
6015
6015
6017
6017
6017
6017
6017
6019
6019
6023
6023
6024
6024
6024
6026
6026
6026
6026
6028
6028
6031
6031
6036
6036
6036
6041
6041
6041
6046
6046
6053
6053
6055
6055
6055
6059
6059
6061
6061
6065
6065
6065
6065
6070
6070
6070
6073
6073
6076
6076
6076
6077
6077
6079
6079
6081
6081
6087
6087
6098
6098
6105
6105
6109
6109
6112
6112
6123
6123
6125
6125
6125
6129
6129
6134
6134
6135
6135
6137
6137
6141
6141
6141
6141
6143
6143
6143
6143
6166
6166
6168
6168
6168
6178
6178
6179
6179
6179
6179
6186
6186
6187
6187
6189
6189
6199
6199
6199
6203
6203
6209
6209
6210
6210
6214
6214
6214
6217
6217
6217
6227
6227
6230
6230
6230
6230
6237
6237
6242
6242
6243
6243
6243
6243
6246
6246
6248
6248
6251
6251
6251
6251
6252
6252
6257
6257
6259
6259
6263
6263
6263
6266
6266
6269
6269
6269
6270
6270
6270
6273
6273
6273
6275
6275
6275
6275
6277
6277
6279
6279
6282
6282
6282
6285
6285
6286
6286
6290
6290
6295
6295
6295
6299
6299
6302
6302
6309
6309
6316
6316
6324
6324
6327
6327
6327
6338
6338
6338
6343
6343
6343
6343
6344
6344
6357
6357
6358
6358
6364
6364
6373
6373
6384
6384
6386
6386
6386
6388
6388
6388
6389
6389
6391
6391
6391
6391
6401
6401
6406
6406
6407
6407
6407
6410
6410
6410
6414
6414
6418
6418
6418
6418
6420
6420
6421
6421
6421
6427
6427
6429
6429
6429
6432
6432
6433
6433
6444
6444
6451
6451
6453
6453
6455
6455
6465
6465
6469
6469
6471
6471
6472
6472
6473
6473
6476
6476
6476
6477
6477
6478
6478
6480
6480
6484
6484
6490
6490
6492
6492
6494
6494
6494
6494
6495
6495
6499
6499
6502
6502
6504
6504
6504
6505
6505
6508
6508
6517
6517
6521
6521
6521
6521
6521
6522
6522
6524
6524
6525
6525
6526
6526
6526
6530
6530
6533
6533
6544
6544
6544
6544
6548
6548
6548
6551
6551
6552
6552
6554
6554
6565
6565
6565
6565
6566
6566
6566
6566
6568
6568
6568
6570
6570
6570
6570
6571
6571
6571
6572
6572
6573
6573
6573
6584
6584
6594
6594
6594
6610
6610
6610
6610
6610
6610
6625
6625
6626
6626
6626
6628
6628
6630
6630
6630
6637
6637
6640
6640
6646
6646
6646
6647
6647
6647
6653
6653
6656
6656
6656
6656
6660
6660
6660
6665
6665
6665
6667
6667
6670
6670
6670
6681
6681
6682
6682
6683
6683
6684
6684
6684
6684
6685
6685
6686
6686
6688
6688
6691
6691
6691
6717
6717
6717
6721
6721
6723
6723
6728
6728
6733
6733
6735
6735
6742
6742
6742
6746
6746
6746
6747
6747
6748
6748
6749
6749
6755
6755
6755
6755
6767
6767
6769
6769
6769
6774
6774
6774
6775
6775
6779
6779
6781
6781
6781
6784
6784
6788
6788
6788
6788
6791
6791
6804
6804
6806
6806
6807
6807
6807
6808
6808
6808
6809
6809
6814
6814
6814
6816
6816
6821
6821
6823
6823
6827
6827
6828
6828
6831
6831
6831
6832
6832
6835
6835
6835
6835
6835
6841
6841
6842
6842
6844
6844
6844
6844
6846
6846
6847
6847
6848
6848
6848
6848
6849
6849
6860
6860
6860
6860
6861
6861
6864
6864
6865
6865
6865
6865
6865
6869
6869
6874
6874
6874
6877
6877
6880
6880
6885
6885
6888
6888
6888
6897
6897
6898
6898
6898
6900
6900
6911
6911
6911
6919
6919
6919
6923
6923
6932
6932
6932
6933
6933
6933
6938
6938
6941
6941
6942
6942
6950
6950
6950
6950
6951
6951
6951
6953
6953
6953
6962
6962
6963
6963
6965
6965
6968
6968
6981
6981
6983
6983
6983
6983
6985
6985
6985
6989
6989
6989
6993
6993
6995
6995
6995
6999
6999
7004
7004
7004
7007
7007
7008
7008
7014
7014
7015
7015
7020
7020
7025
7025
7026
7026
7027
7027
7027
7027
7027
7029
7029
7034
7034
7037
7037
7039
7039
7040
7040
7040
7041
7041
7047
7047
7051
7051
7058
7058
7062
7062
7062
7065
7065
7065
7069
7069
7071
7071
7081
7081
7082
7082
7084
7084
7096
7096
7100
7100
7100
7108
7108
7110
7110
7110
7110
7110
7117
7117
7118
7118
7119
7119
7124
7124
7131
7131
7133
7133
7137
7137
7148
7148
7151
7151
7160
7160
7165
7165
7173
7173
7177
7177
7177
7182
7182
7186
7186
7186
7186
7188
7188
7190
7190
7190
7191
7191
7192
7192
7195
7195
7195
7196
7196
7211
7211
7211
7214
7214
7216
7216
7219
7219
7219
7228
7228
7228
7233
7233
7233
7237
7237
7237
7248
7248
7248
7255
7255
7261
7261
7261
7262
7262
7264
7264
7264
7270
7270
7270
7270
7271
7271
7271
7272
7272
7274
7274
7279
7279
7282
7282
7287
7287
7295
7295
7300
7300
7302
7302
7302
7305
7305
7314
7314
7320
7320
7320
7320
7324
7324
7326
7326
7326
7329
7329
7329
7330
7330
7341
7341
7343
7343
7359
7359
7361
7361
7361
7361
7361
7362
7362
7370
7370
7372
7372
7379
7379
7384
7384
7389
7389
7390
7390
7392
7392
7392
7392
7395
7395
7405
7405
7405
7411
7411
7411
7411
7412
7412
7412
7415
7415
7426
7426
7431
7431
7431
7433
7433
7433
7435
7435
7438
7438
7438
7446
7446
7446
7446
7453
7453
7456
7456
7456
7467
7467
7471
7471
7474
7474
7474
7475
7475
7476
7476
7481
7481
7482
7482
7485
7485
7485
7494
7494
7494
7495
7495
7497
7497
7497
7497
7512
7512
7512
7512
7515
7515
7515
7520
7520
7527
7527
7527
7527
7529
7529
7544
7544
7550
7550
7550
7558
7558
7558
7559
7559
7559
7559
7569
7569
7569
7570
7570
7570
7571
7571
7571
7571
7575
7575
7581
7581
7581
7582
7582
7585
7585
7585
7587
7587
7591
7591
7592
7592
7593
7593
7596
7596
7599
7599
7599
7603
7603
7603
7607
7607
7607
7611
7611
7612
7612
7612
7612
7615
7615
7620
7620
7623
7623
7625
7625
7629
7629
7631
7631
7633
7633
7638
7638
7641
7641
7643
7643
7645
7645
7655
7655
7659
7659
7661
7661
7664
7664
7664
7666
7666
7666
7668
7668
7684
7684
7688
7688
7690
7690
7692
7692
7718
7718
7728
7728
7742
7742
7742
7746
7746
7754
7754
7757
7757
7763
7763
7763
7763
7763
7764
7764
7765
7765
7766
7766
7773
7773
7773
7775
7775
7775
7776
7776
7779
7779
7779
7779
7781
7781
7788
7788
7791
7791
7792
7792
7797
7797
7797
7808
7808
7810
7810
7810
7811
7811
7811
7816
7816
7816
7817
7817
7817
7843
7843
7848
7848
7850
7850
7855
7855
7856
7856
7856
7861
7861
7861
7870
7870
7885
7885
7887
7887
7896
7896
7896
7898
7898
7902
7902
7903
7903
7903
7910
7910
7916
7916
7916
7916
7922
7922
7924
7924
7924
7924
7927
7927
7927
7929
7929
7929
7933
7933
7939
7939
7943
7943
7943
7944
7944
7947
7947
7947
7947
7957
7957
7967
7967
7972
7972
7975
7975
7980
7980
7981
7981
7991
7991
7993
7993
7994
7994
7998
7998
7998
8007
8007
8013
8013
8013
8014
8014
8014
8016
8016
8020
8020
8025
8025
8029
8029
8033
8033
8036
8036
8036
8040
8040
8041
8041
8043
8043
8047
8047
8052
8052
8053
8053
8064
8064
8066
8066
8070
8070
8071
8071
8071
8077
8077
8077
8079
8079
8083
8083
8083
8099
8099
8099
8100
8100
8100
8102
8102
8102
8104
8104
8106
8106
8109
8109
8110
8110
8111
8111
8118
8118
8123
8123
8124
8124
8125
8125
8125
8129
8129
8130
8130
8138
8138
8138
8144
8144
8145
8145
8145
8147
8147
8148
8148
8161
8161
8166
8166
8167
8167
8174
8174
8179
8179
8193
8193
8194
8194
8203
8203
8212
8212
8216
8216
8218
8218
8219
8219
8219
8224
8224
8225
8225
8228
8228
8235
8235
8235
8235
8236
8236
8236
8240
8240
8241
8241
8245
8245
8265
8265
8265
8265
8266
8266
8272
8272
8274
8274
8274
8280
8280
8280
8288
8288
8288
8290
8290
8293
8293
8302
8302
8310
8310
8310
8310
8322
8322
8322
8324
8324
8324
8324
8329
8329
8331
8331
8331
8333
8333
8333
8333
8336
8336
8338
8338
8343
8343
8345
8345
8349
8349
8360
8360
8364
8364
8380
8380
8380
8383
8383
8388
8388
8388
8389
8389
8389
8393
8393
8397
8397
8399
8399
8400
8400
8401
8401
8401
8401
8404
8404
8407
8407
8410
8410
8418
8418
8418
8428
8428
8440
8440
8441
8441
8444
8444
8447
8447
8449
8449
8451
8451
8467
8467
8472
8472
8480
8480
8480
8482
8482
8482
8483
8483
8484
8484
8485
8485
8488
8488
8488
8494
8494
8497
8497
8500
8500
8503
8503
8503
8503
8512
8512
8513
8513
8514
8514
8518
8518
8520
8520
8525
8525
8529
8529
8531
8531
8538
8538
8543
8543
8544
8544
8552
8552
8556
8556
8556
8557
8557
8558
8558
8558
8558
8566
8566
8569
8569
8569
8574
8574
8574
8592
8592
8592
8595
8595
8595
8596
8596
8597
8597
8608
8608
8615
8615
8616
8616
8618
8618
8622
8622
8630
8630
8635
8635
8639
8639
8640
8640
8643
8643
8653
8653
8653
8653
8655
8655
8663
8663
8671
8671
8674
8674
8675
8675
8681
8681
8681
8683
8683
8689
8689
8689
8691
8691
8691
8691
8691
8691
8702
8702
8702
8713
8713
8718
8718
8722
8722
8722
8722
8731
8731
8733
8733
8733
8745
8745
8751
8751
8751
8752
8752
8752
8760
8760
8760
8764
8764
8764
8769
8769
8772
8772
8772
8778
8778
8785
8785
8785
8785
8790
8790
8798
8798
8803
8803
8805
8805
8806
8806
8806
8807
8807
8807
8807
8808
8808
8814
8814
8816
8816
8817
8817
8817
8819
8819
8827
8827
8827
8830
8830
8830
8833
8833
8837
8837
8838
8838
8840
8840
8842
8842
8842
8842
8842
8848
8848
8855
8855
8856
8856
8866
8866
8872
8872
8873
8873
8884
8884
8884
8888
8888
8897
8897
8898
8898
8898
8899
8899
8904
8904
8907
8907
8910
8910
8924
8924
8929
8929
8938
8938
8953
8953
8953
8954
8954
8954
8955
8955
8961
8961
8962
8962
8962
8968
8968
8968
8973
8973
8989
8989
8993
8993
9007
9007
9007
9007
9012
9012
9012
9012
9015
9015
9015
9016
9016
9020
9020
9025
9025
9028
9028
9028
9028
9028
9030
9030
9030
9030
9030
9034
9034
9037
9037
9040
9040
9048
9048
9051
9051
9059
9059
9064
9064
9064
9068
9068
9068
9068
9071
9071
9085
9085
9085
9090
9090
9095
9095
9095
9099
9099
9105
9105
9106
9106
9111
9111
9111
9111
9118
9118
9120
9120
9120
9126
9126
9131
9131
9135
9135
9136
9136
9137
9137
9138
9138
9138
9138
9138
9141
9141
9142
9142
9145
9145
9146
9146
9149
9149
9153
9153
9156
9156
9157
9157
9160
9160
9161
9161
9161
9171
9171
9171
9174
9174
9175
9175
9177
9177
9178
9178
9178
9184
9184
9184
9186
9186
9189
9189
9191
9191
9195
9195
9200
9200
9207
9207
9209
9209
9211
9211
9212
9212
9225
9225
9227
9227
9231
9231
9231
9231
9231
9232
9232
9235
9235
9236
9236
9238
9238
9249
9249
9249
9250
9250
9251
9251
9255
9255
9258
9258
9258
9258
9265
9265
9284
9284
9284
9285
9285
9285
9285
9286
9286
9289
9289
9290
9290
9300
9300
9302
9302
9303
9303
9313
9313
9313
9313
9314
9314
9316
9316
9327
9327
9328
9328
9329
9329
9330
9330
9333
9333
9335
9335
9335
9342
9342
9344
9344
9354
9354
9355
9355
9356
9356
9365
9365
9365
9365
9366
9366
9368
9368
9368
9373
9373
9373
9377
9377
9378
9378
9379
9379
9380
9380
9384
9384
9391
9391
9398
9398
9398
9399
9399
9403
9403
9403
9413
9413
9414
9414
9416
9416
9417
9417
9417
9421
9421
9429
9429
9439
9439
9439
9440
9440
9440
9440
9441
9441
9444
9444
9446
9446
9452
9452
9454
9454
9470
9470
9475
9475
9475
9475
9482
9482
9486
9486
9494
9494
9494
9498
9498
9498
9500
9500
9500
9500
9501
9501
9501
9502
9502
9509
9509
9512
9512
9522
9522
9522
9522
9530
9530
9539
9539
9539
9539
9540
9540
9545
9545
9551
9551
9555
9555
9558
9558
9559
9559
9559
9563
9563
9566
9566
9566
9572
9572
9574
9574
9574
9587
9587
9588
9588
9591
9591
9596
9596
9603
9603
9603
9614
9614
9614
9615
9615
9619
9619
9622
9622
9622
9624
9624
9635
9635
9636
9636
9636
9637
9637
9638
9638
9638
9643
9643
9643
9644
9644
9648
9648
9650
9650
9652
9652
9654
9654
9657
9657
9659
9659
9661
9661
9661
9662
9662
9662
9662
9662
9665
9665
9669
9669
9669
9671
9671
9677
9677
9688
9688
9690
9690
9695
9695
9695
9698
9698
9706
9706
9706
9708
9708
9724
9724
9727
9727
9732
9732
9732
9734
9734
9736
9736
9740
9740
9754
9754
9757
9757
9766
9766
9776
9776
9776
9776
9777
9777
9777
9779
9779
9779
9779
9781
9781
9784
9784
9789
9789
9790
9790
9790
9791
9791
9791
9791
9791
9798
9798
9798
9798
9798
9800
9800
9813
9813
9813
9815
9815
9817
9817
9817
9818
9818
9818
9825
9825
9825
9844
9844
9844
9845
9845
9849
9849
9850
9850
9850
9851
9851
9853
9853
9861
9861
9863
9863
9865
9865
9866
9866
9870
9870
9876
9876
9876
9878
9878
9907
9907
9907
9911
9911
9912
9912
9912
9915
9915
9922
9922
9927
9927
9927
9928
9928
9932
9932
9939
9939
9939
9941
9941
9945
9945
9945
9948
9948
9948
9948
9948
9948
9949
9949
9950
9950
9959
9959
9959
9961
9961
9966
9966
9976
9976
9982
9982
9990
9990
9991
9991
9992
9992
9992
9995
9995
9995
9997
9997
1148250
1321893
1365175
3345761
4389667
6914190
7237888
8194545
8873893
10845393
12737939
13982734
14156928
14383395
14572122
14661754
14889179
15397228
15993367
16259115
16941806
19374989
19550716
19568464
21432722
22831300
24340106
24506255
24816499
25788585
26126074
27061639
28276432
34420113
34540557
35221216
35619831
36640881
36712803
37398558
37721507
38074274
40132550
40923928
42272023
46016124
46525013
47352954
47647900
50364295
51088809
51159194
51417058
52552969
54450495
54856010
57499408
58464589
59132816
59806969
62661833
63966124
65144857
66819996
67499535
68878976
71388053
72398787
73905490
73965800
74140622
74192205
74553196
79335916
79942156
82253176
82426361
82438836
82810165
84436468
86038939
86402723
87698207
89413437
90114665
91047113
91448774
91565988
91879116
92222102
95070360
96527114
97374375
98047729
98095430
98708838
98998787
99386290
101044869
102165415
102199016
102593375
109396095
109701920
110242153
110479300
110728022
112354355
113817154
115364313
116183146
116352957
116414291
116802314
119061411
119344716
119729516
120132181
121186624
121648966
122660959
123156348
124557845
124614296
126088317
126652858
127430988
127668975
130733338
132172174
132702523
134998044
137815349
139357824
141286251
142039050
142577676
144084032
144491980
144596736
145321879
146861746
146986547
147604297
150572335
151127743
151262471
152089776
152749890
153217735
153942352
155009850
157789748
157993938
158891111
160770487
160803213
161947094
162247966
162461933
162655913
162849296
163000688
163387389
167274695
168253544
168427827
170930482
170930484
170930484
170930485
170930738
170930740
170930743
170930744
170930993
170930999
170931504
170931508
170931508
170931511
170931767
170931768
170931769
170932019
170932020
170932025
170932279
170932279
170932528
170932533
170932534
170995720
170995760
170995762
170995765
170995769
170996019
170996277
170996530
170996531
170996787
170996791
170996793
170996793
170997044
170997299
170997300
170997303
170997560
170997811
170997812
170997813
170998066
170998073
170998073
171061301
171061303
171061552
171061555
171061556
171061560
171061560
171061808
171061813
171061816
171062067
171062067
171062068
171062069
171062072
171062072
171062073
171062578
171062579
171062582
171062585
171062840
171062841
171063090
171063095
171063351
171063353
171063600
171126834
171126836
171126837
171126839
171127346
171127606
171127607
171127608
171128114
171128114
171128119
171128121
171128369
171128377
171128632
171128889
171129142
171192373
171192376
171192376
171192631
171192883
171193140
171193142
171193392
171193399
171193399
171193401
171193656
171193657
171193904
171193904
171193905
171193908
171194163
171194163
171194163
171194164
171194166
171194419
171194423
171194672
171194672
171194675
171194677
171194679
171257909
171257910
171257912
171257913
171258162
171258420
171258425
171258676
171258678
171258678
171258680
171258932
171258935
171258936
171258937
171259187
171259193
171259441
171259699
171259703
171259704
171259704
171259958
171260209
171260215
171260217
171323448
171323705
171323952
171323953
171323953
171324212
171324214
171324215
171324465
171324720
171324721
171324723
171324723
171324726
171324726
171324976
171324981
171324985
171325233
171325488
171325744
171388978
171388979
171388980
171388985
171389489
171389490
171389497
171389753
171390257
171390262
171390264
171390516
171390768
171390769
171390772
171391025
171391282
171391285
171391286
171391289
171454519
171454772
171455032
171455286
171455288
171455541
171455795
171455799
171455801
171456051
171456052
171456054
171456055
171456305
171456310
171456311
171456313
171456560
171456561
171456564
171456566
171456820
171456822
171456823
171486868
171520050
171520054
171520055
171520561
171520561
171520816
171520818
171521328
171521584
171521590
171521592
171521592
171522096
171522105
171522354
171522356
171522359
171522361
171865237
172247479
175148613
176151062
177297470
177384176
177446798
178415450
178440021
178948659
179491092
179792774
180479506
181375625
181685565
183766309
184139137
184222138
184854243
189371324
189640362
190034245
190223198
192259848
192447894
193068844
200764332
200969151
201077011
202170094
202437467
205020153
205541902
207496190
209592355
210733162
210844073
211043462
212779582
214123036
214689284
215658954
216835755
217376160
217863629
218249887
218877468
220690137
222341740
223294796
223347532
223485224
225170326
226619273
226906568
227101244
227572503
228416986
233090345
233346325
235447120
236925788
237076263
237291649
238593569
239541967
240165377
240311036
240480614
241238957
241468010
242526566
243803434
245368663
245954271
246339743
246409026
247159275
248791138
250124513
250607639
251389343
251711586
253251340
253451674
255387832
256505550
256529495
256803255
256840795
258978892
259171314
259228427
259998068
260574985
261255907
262097763
262295845
263609367
264240474
264295268
264746403
265934482
267556299
268036111
268394320
269771528
270069271
272947008
273598476
274222273
276521085
278514248
279431360
279455680
281737504
283502043
284515440
284851379
284857199
285446844
285517589
286838536
288138224
288717681
292279524
292579752
293538448
294371672
296646414
297206442
297326409
298240375
298873009
299006962
300390350
303787183
305976720
306051747
306214729
306839887
307092235
309474986
309663323
314011338
314475507
314789464
316472962
317204990
317867942
319240058
319907758
321978160
323714018
329671754
329786242
331287961
333268975
333929082
339495681
340840212
342359195
344740967
345896724
347047838
347602513
348103099
350841435
355683074
355994755
356349450
358024237
359121662
360026170
360130865
360139638
360474300
361379543
362197296
364398219
364662898
365475307
365910046
367096534
367203191
367765028
369579920
372271100
372334079
372861850
374468739
374939260
377530880
378035720
380223077
380465933
382365969
382386948
382776006
388568047
389483375
390790061
390823762
391904747
391925321
392968667
394512291
396286490
396410147
396830046
397797281
397967605
399352335
400586948
402668645
402935508
403059148
404577800
404950674
405556742
405893883
414337484
414722194
415198295
418770941
419554732
421076437
422517375
424302940
424465652
426325898
426428734
426470034
426491115
426721905
427038557
427645264
428168480
428319780
429525472
429705638
429753871
431242023
432503126
433127325
434722036
435785209
436315495
439917759
440548620
440869172
440931219
441803961
441943800
441993969
443183277
445386827
445692667
446524412
447618626
449213467
449951128
450917840
451302241
452421424
455668245
455985135
456795537
458613741
459790833
462261502
462697211
464197267
465019650
465232422
466140233
466262143
466335367
466733944
466742340
468020819
471027536
472436724
476506801
476687478
479561202
480547322
480855545
482562294
483037584
483742973
488738494
489132769
489276464
489863594
490854831
491175628
491233825
491924996
497025494
500826899
500863458
501497327
502535264
502881716
503560760
504305952
504494539
506462342
508189500
508581298
509657885
511676124
513363110
513895734
514720634
516745177
516806930
517023623
517386058
517631465
518755857
519904111
520866085
522554391
522951353
523083433
523704494
525004516
525372749
525496601
525519882
526097686
527549145
527668923
527806323
528968357
529371987
530414214
530581178
531071176
532904222
534589764
535415706
536474441
536776036
538354272
539596260
542809601
543302980
545671446
546233064
547264930
548592474
549144430
549685753
551186157
552240866
554152136
555186722
555522479
556011812
556145645
556998087
557528365
559019673
559090772
560709998
561581887
562190804
565525634
566052966
566262102
566264862
571412622
573196809
574409289
574492531
574941779
576022872
576102223
577605598
579640477
579786534
580166617
580700044
582699081
583226311
584351548
584552028
584725573
584897137
584976357
587595341
587900019
588194695
588284002
588824794
589628700
591878301
594159999
596622372
597052242
598701913
600361293
602421215
602505833
603655564
604641643
605421973
605630667
605866924
607600652
607705233
609586415
609686287
609748951
612200387
613652136
617997601
618401766
618486600
618767542
619133518
621879884
622351932
623207985
626924420
628118530
628352192
628939642
631072684
635435440
638414809
638481222
638501764
638666397
639530895
642205364
644528320
648334120
648665415
651401287
652792098
653060987
654647573
655299558
656330084
656630546
657646247
657673102
657773564
659222408
661131226
661702807
662991692
664183496
664535888
665780935
666382223
666692578
666864686
667164166
668136602
668804662
669615209
670044056
671925290
672818857
675510131
676549371
676779007
676847049
677844392
678971940
679591068
680755089
685032066
686495179
687220897
687251221
687519298
688276262
692113785
692251921
692524387
694469501
696374627
698486065
699833658
700085219
701858924
702840458
703241293
704981349
706209345
706301050
708188909
708365730
708459077
708561850
709422579
711039156
711239003
711410277
714014864
714022167
715531889
715582935
716372533
716823697
717268052
717277201
720223466
721426445
721810624
724158765
726053756
726302956
726593219
728267344
733724254
734079014
735294036
735848299
736077935
737396201
738171745
741000769
741322074
742033378
742382761
742566090
744875077
747170871
747896397
748096414
748109056
748382089
751204342
751788152
752297737
753567522
754627935
755249010
757092775
758365727
759133074
759287784
761667457
762014187
762936258
763044515
764690891
764881462
764996634
765019207
766855909
768261881
769590519
770088049
771311077
771392011
773117197
774723960
775040844
775313238
775333158
775682919
776765314
778608089
779410440
780068444
783917429
792958992
793863656
795102380
797293568
798393835
801568701
801835204
804029213
804731414
806145092
807917217
808464434
808464437
808464906
808464906
808464906
808464906
808464944
808465203
808465457
808465464
808465713
808465718
808465720
808465977
808466224
808466229
808466486
808466739
808520240
808520241
808520241
808520242
808520242
808520244
808520246
808520248
808520249
808520249
808530186
808530186
808530224
808530442
808530481
808530737
808530740
808530741
808530744
808530954
808530994
808531248
808531249
808531253
808531506
808531509
808531978
808532016
808532017
808532018
808532023
808532272
808532273
808585776
808585777
808585779
808585779
808585780
808585781
808585781
808585781
808585781
808585782
808585782
808585784
808585785
808585785
808585785
808585785
808595506
808595722
808595722
808595722
808595766
808596017
808596020
808596023
808596273
808596531
808596787
808597809
808597814
808597817
808651321
808661044
808661047
808661808
808661814
808662066
808662067
808662071
808662072
808662321
808662324
808662329
808662837
808663095
808716856
808726576
808726579
808726582
808726794
808726794
808726835
808727088
808727349
808727351
808727351
808727352
808727605
808727609
808727857
808727858
808728115
808728368
808728369
808728624
808728625
808728630
808728842
808728887
808728887
808728889
808782389
808792113
808792330
808792371
808792377
808792880
808793098
808793140
808793394
808793648
808793653
808794122
808794162
808794417
808794417
808847921
808847926
808857648
808857657
808857908
808858162
808858169
808858421
808858422
808858425
808858676
808858678
808858890
808859186
808859186
808859442
808859443
808859449
808859698
808859699
808859700
808859956
808859959
808913462
808913462
808923402
808923448
808923954
808923958
808923961
808924212
808924213
808924467
808924727
808924976
808924981
808925233
808925491
808925492
808925492
808988938
808988977
808988981
808989233
808989233
808989490
808989490
808989494
808990000
808990258
808990259
808990263
808990513
809044535
809044536
809054258
809054474
809054474
809054514
809054515
809054520
809054772
809055029
809055033
809055537
809055537
809055538
809055797
809056560
809265295
810144516
810385671
811412314
811482260
816009346
816270212
819753294
820841239
822751281
822751281
822751281
822751282
822751283
822751284
822751285
822751285
822751285
822751287
822751538
822751538
822751541
822751541
822751544
822751544
822751545
822751793
822751794
822751794
822751794
822751795
822751796
822751797
822751797
822751798
822751798
822751799
822751799
822751799
822751801
822751801
822752048
822752048
822752052
822752052
822752052
822752053
822752053
822752055
822752056
822752056
822752304
822752304
822752306
822752308
822752310
822752311
822752311
822752311
822752312
822752312
822752313
822752313
822752313
822752560
822752561
822752561
822752562
822752563
822752565
822752565
822752565
822752567
822752568
822752569
822752816
822752817
822752817
822752818
822752819
822752820
822752821
822752822
822752823
822752823
822752823
822752824
822752824
822752825
822753072
822753072
822753073
822753073
822753074
822753075
822753076
822753077
822753078
822753078
822753078
822753078
822753328
822753330
822753334
822753335
822753584
822753584
822753584
822753585
822753585
822753586
822753587
822753587
822753587
822753588
822753588
822753589
822753589
822753590
822753592
822753593
823184876
824393528
825241866
825241866
825241904
825242122
825242422
825242634
825242676
825242928
825243185
825243192
825243446
825243697
825243699
825243702
825243705
825243914
825297456
825297456
825297457
825297457
825297457
825297457
825297459
825297460
825297460
825297462
825297462
825297464
825297464
825297465
825307440
825307658
825307696
825307702
825308210
825308212
825308467
825308471
825308682
825308720
825308728
825308728
825308980
825309232
825309239
825362992
825362993
825362993
825362995
825362997
825362997
825372721
825372729
825372938
825372938
825372938
825372938
825372980
825373232
825373233
825373234
825373235
825373751
825374512
825374513
825374768
825375027
825428532
825438260
825438261
825438512
825438517
825438520
825438768
825438770
825438775
825438776
825439024
825439030
825439033
825439285
825439793
825439795
825440054
825440054
825440057
825440304
825440313
825440313
825440561
825440565
825440567
825494065
825503792
825504010
825504010
825504049
825504056
825504309
825504562
825504566
825504816
825504818
825504818
825504819
825504821
825505331
825505337
825505590
825505802
825505842
825505842
825505844
825505844
825505845
825505847
825506105
825569329
825569330
825569335
825569848
825570609
825570873
825571633
825625136
825625136
825625137
825625145
825634867
825635082
825635082
825635120
825635121
825635632
825635889
825635890
825636148
825636149
825636153
825636403
825636618
825636657
825636661
825636874
825636913
825637172
825637174
825637177
825700408
825700409
825700657
825700658
825700914
825700917
825701681
825701937
825702666
825702704
825702705
825702705
825756215
825756216
825756217
825765936
825765937
825765938
825765941
825766154
825766193
825766452
825766454
825766709
825766712
825766963
825767474
825767475
825767729
825767946
825768241
825821750
825821750
825831474
825831476
825831690
825831728
825831734
825831737
825832248
825832503
825833013
825833778
825833779
826484498
826750657
827846542
828707421
828820428
829521897
829603750
829850941
831557097
832715191
836906806
837449158
837471880
837946754
837961956
837981896
838617494
839264939
839528502
839528502
839528503
839528505
839528753
839528757
839528760
839528761
839529017
839529017
839529265
839529266
839529267
839529268
839529270
839529271
839529520
839529520
839529777
839529777
839529782
839529782
839529784
839530032
839530036
839530037
839530038
839530039
839530040
839530289
839530290
839530290
839530545
839530545
839530546
839530549
839530552
839530552
839530808
839827179
841193956
841590797
842019121
842019122
842019125
842019128
842019129
842019377
842019381
842019891
842020145
842020150
842020151
842020406
842020657
842020665
842020915
842021130
842021168
842021169
842021173
842074672
842074673
842074673
842074674
842074675
842074675
842074675
842074679
842074680
842074680
842074681
842074681
842074681
842084402
842084406
842084407
842084874
842085168
842085430
842085941
842086452
842086705
842086709
842140210
842140213
842150154
842150154
842150199
842150706
842150711
842150964
842151475
842151730
842151946
842151993
842205753
842215473
842215473
842215474
842215731
842215735
842215985
842215990
842215993
842216241
842216246
842216248
842216504
842216505
842216753
842216756
842217271
842217522
842217528
842217780
842217781
842217784
842271289
842281226
842281226
842281264
842281265
842281271
842281482
842281781
842281994
842282034
842282041
842282294
842282547
842282547
842282550
842282552
842283057
842283060
842283065
842283065
842283319
842283321
842336824
842346548
842346553
842346762
842346804
842347056
842347315
842347319
842347569
842347573
842347786
842347825
842347826
842348087
842348088
842348338
842348598
842348598
842348848
842348849
842348850
842402353
842402359
842412080
842412081
842412089
842412298
842412298
842412338
842412593
842412848
842413066
842413108
842413111
842413364
842413620
842414090
842467889
842467891
842467894
842477834
842477873
842477878
842478134
842478602
842478641
842478643
842478897
842478903
842479155
842479157
842479158
842479161
842479408
842479665
842479668
842533427
842533430
842533432
842543153
842543157
842543158
842543160
842543161
842543370
842543370
842543370
842543370
842543413
842543664
842543668
842543921
842543926
842543929
842544138
842544178
842544178
842544178
842544184
842544432
842544689
842544948
842544949
842545458
842545461
842598962
842598965
842608689
842608690
842608690
842608696
842608906
842608906
842608906
842609209
842609719
842609968
842610225
842610227
842610228
842610488
842610698
842610954
842610993
842610999
842702021
843720538
846445129
848490069
848522008
848603304
851677708
851864113
852185476
852678581
852957771
854922475
855472259
855771179
856027104
856305970
856305975
856305976
856306486
856306996
856307001
856307248
856307257
856307504
856307508
856307761
856308017
858796298
858796336
858796554
858796595
858796850
858796852
858796852
858796853
858797106
858797113
858797369
858797620
858797834
858797873
858798090
858798133
858798388
858851888
858851888
858851888
858851889
858851890
858851890
858851890
858851892
858851892
858851893
858851895
858851897
858851897
858861623
858862129
858862131
858862897
858863153
858863153
858863155
858863155
858863161
858863370
858863370
858863409
858863416
858927370
858927408
858927417
858927672
858927920
858927921
858927926
858929206
858929207
858929460
858929465
858982968
858992689
858992906
858992949
858992950
858993162
858993206
858993208
858993463
858993463
858993718
858994186
858994224
858994227
858994482
858994489
858994741
858994741
858995001
859048504
859058224
859058226
859058481
859058736
859058737
859058742
859058998
859059256
859059508
859060018
859060534
859060535
859123762
859123764
859123768
859124016
859124022
859124273
859124280
859124529
859124535
859124786
859125041
859125049
859125297
859125552
859125770
859179576
859189297
859189300
859189553
859189560
859189815
859190065
859190329
859190583
859190583
859190832
859190841
859191088
859191089
859191093
859191097
859191352
859191352
859245110
859254834
859255050
859255090
859255603
859255608
859255608
859256121
859256370
859256377
859256625
859256882
859256883
859257098
859257136
859310643
859310643
859310645
859320370
859320370
859320372
859320627
859320842
859320886
859320887
859321651
859321654
859322163
859322169
859322419
859322634
859322672
859322677
859376182
859376183
859385905
859385905
859385909
859385912
859386122
859386122
859386161
859386167
859386929
859386930
859387146
859387192
859387443
859387444
859387445
859387701
859387954
859388208
859388216
859388217
859975682
866256078
867540714
867566763
871134057
872777843
873082928
873082935
873083190
873083191
873083957
873084216
873084720
873084728
873084729
873842610
873894689
874548054
875573298
875573514
875573811
875574327
875574583
875574832
875575095
875575346
875575348
875575608
875629104
875629105
875629105
875629107
875629108
875629108
875629109
875629109
875629111
875629111
875629112
875629112
875629112
875639050
875639050
875639050
875639089
875639094
875639096
875639344
875639603
875639856
875639857
875639865
875640121
875640121
875640885
875640888
875641137
875641142
875641142
875704368
875704372
875704586
875704624
875704626
875704889
875705138
875705139
875705139
875705144
875705392
875705395
875705650
875705904
875705905
875705913
875706421
875706678
875706680
875770122
875770122
875770122
875770122
875770419
875770421
875770425
875770634
875770676
875770680
875770931
875770934
875770936
875771189
875771402
875771442
875771914
875771957
875835658
875835696
875835698
875835704
875835958
875836170
875836464
875836466
875836466
875836682
875836981
875837240
875900978
875901194
875901751
875902003
875902008
875902520
875902768
875903026
875903033
875903281
875956786
875956788
875966514
875966730
875966730
875966730
875967281
875967282
875967285
875967541
875967754
875967801
875968010
875968049
875968054
875968304
875968305
875968305
875968310
875968312
875968564
876022329
876032049
876032266
876032305
876032305
876032307
876032310
876032312
876032313
876032561
876032563
876032817
876032820
876032823
876033329
876033332
876033336
876033337
876033586
876033588
876034096
876034096
876034103
876034314
876034353
876034357
876034361
876087858
876087860
876097592
876097802
876097841
876098100
876098104
876098360
876098617
876098865
876098865
876098869
876099120
876099122
876099124
876099338
876099376
876099376
876099382
876099640
876099896
876153396
876163338
876163640
876163890
876164152
876164152
876164153
876164403
876164658
876164661
876164915
876164917
876165177
876165177
876165425
876165428
876165429
876356925
876914873
877145948
877619457
879063102
881979526
882679937
883366054
885845342
886384479
888410495
889860405
889860663
889860913
889861170
889861175
889861686
892350515
892350730
892350730
892350730
892350730
892350769
892350770
892350772
892351280
892351537
892351754
892351792
892352050
892352054
892352566
892406321
892406321
892406323
892406323
892406323
892406324
892406325
892406326
892406327
892406327
892406327
892406328
892406328
892406328
892406329
892416055
892416057
892416266
892416266
892416266
892416304
892416311
892416561
892416565
892416567
892416568
892416819
892416819
892416822
892417077
892417337
892417845
892418097
892471863
892481586
892481587
892481589
892481802
892481840
892481840
892482102
892482103
892482104
892482104
892482105
892482357
892482360
892482617
892482826
892483383
892483384
892483890
892483891
892537395
892537400
892547124
892547338
892547381
892547594
892547889
892547891
892547896
892548145
892548148
892548152
892548660
892548662
892548662
892548665
892548912
892549174
892549174
892549425
892602937
892612656
892612657
892612659
892612660
892612662
892612664
892612874
892612913
892613169
892613680
892613681
892613688
892614192
892614455
892614713
892614965
892668470
892678195
892678450
892678452
892678457
892678666
892678966
892679472
892679481
892680497
892707095
892743730
892743946
892743946
892743989
892743989
892744755
892744761
892745009
892745524
892745776
892745782
892745785
892809482
892809777
892809777
892809780
892809780
892810034
892810289
892810292
892810802
892810807
892810808
892810809
892811568
892811571
892874804
892875018
892875018
892875018
892875063
892875064
892875274
892875825
892875826
892875827
892875831
892875833
892876081
892876087
892876298
892876337
892876337
892876343
892876593
892876597
892876600
892877107
892918308
892930610
892930613
892930616
892940338
892940338
892940340
892940345
892940593
892940596
892940597
892940849
892940852
892940852
892940854
892941361
892941361
892941361
892942386
892942392
892942640
892942641
892942642
893378420
893431670
894335051
896270657
896592477
897421437
898051330
898528032
901178803
902817141
903044897
903495947
903659089
903848007
904621572
904954781
905929578
906637363
906637366
906637876
906638135
906638642
906638642
906638922
906639153
906639155
906639155
906639161
906639408
906639415
906639672
907084329
908147375
908224321
909127730
909127732
909127732
909127733
909127946
909127946
909127989
909128240
909128242
909128244
909128757
909128970
909129009
909129012
909129012
909129016
909129266
909129269
909129272
909129273
909129482
909129521
909129524
909129526
909129527
909129529
909129777
909129781
909183536
909183536
909183537
909183537
909183537
909183538
909183539
909183540
909183542
909193268
909193272
909193482
909193521
909193780
909194034
909194040
909194290
909194553
909194807
909194809
909195061
909195319
909195321
909195569
909195569
909258803
909258803
909258803
909258807
909259059
909259061
909259065
909259313
909259314
909259314
909259315
909259575
909259786
909260593
909260857
909314610
909324340
909324345
909324851
909324855
909325111
909325362
909325368
909325624
909325834
909325834
909325834
909325880
909326128
909326130
909326387
909326392
909326640
909326646
909326648
909380147
909390129
909390384
909390385
909390386
909390642
909390643
909390644
909390647
909391414
909391415
909391626
909391922
909391924
909392179
909445689
909455411
909455411
909455626
909455922
909456180
909456180
909456440
909456696
909456697
909456948
909457201
909457202
909457209
909457457
909457712
909457713
909457715
909511222
909521203
909521204
909521970
909521972
909521974
909521974
909521977
909522186
909522231
909522483
909522485
909522992
909522997
909523248
909523253
909523255
909576756
909576757
909586484
909586698
909586736
909586737
909586737
909587256
909587505
909587506
909587765
909587767
909588018
909588022
909588025
909588276
909588281
909588281
909588793
909588793
909642290
909642294
909652016
909652018
909652272
909652273
909652274
909652281
909652529
909652532
909652535
909653041
909653048
909653304
909653553
909653553
909653809
909653817
909654026
909654065
909654072
909654072
909707833
909717558
909717770
909717809
909717816
909718282
909718320
909718538
909718576
909718580
909718832
909719088
909719092
909719094
909719345
909719602
909719856
909719858
909719862
910096650
910442749
910701357
910850941
912010864
912210237
912524274
913498952
915458312
916954653
917371228
917779522
919107153
919320319
919380885
919478523
920311501
920589975
920807492
921387793
921448063
922089140
922569421
923414580
923414585
923415091
923415097
923415346
923415350
923415865
923416119
923416633
923416881
923416882
923801540
925904951
925905162
925905202
925905208
925905208
925905208
925905460
925905968
925905971
925905977
925906230
925906488
925906743
925906993
925906993
925906997
925907252
925907254
925960753
925960756
925960756
925960756
925960757
925960758
925960758
925970698
925971466
925971466
925971507
925971507
925971762
925971763
925971769
925972016
925972272
925972273
925972535
925972536
925972788
926026291
926036017
926036022
926036234
926036276
926036528
926036537
926036784
926037002
926037552
926037553
926037808
926038066
926038072
926038072
926038327
926091824
926101558
926101770
926101770
926101816
926102324
926102325
926102328
926103050
926103562
926103601
926103602
926103818
926103856
926103863
926167089
926167096
926167306
926167344
926167345
926167346
926167350
926167603
926167605
926167857
926167862
926168119
926168880
926169136
926169137
926169137
926169393
926222897
926222901
926232629
926232842
926232881
926232882
926233142
926233655
926233656
926233905
926233908
926233910
926234122
926234168
926234419
926234424
926234673
926234673
926234890
926234929
926288432
926298378
926298378
926298416
926298419
926298424
926298425
926298677
926298677
926298890
926298929
926299187
926299192
926299440
926299441
926299442
926299447
926299447
926299704
926299953
926299954
926300211
926300212
926300464
926300468
926363697
926363703
926364208
926364211
926364465
926364471
926364722
926364724
926364729
926364980
926364982
926365491
926365492
926365753
926365962
926366002
926366006
926419504
926419506
926419509
926419513
926419675
926429233
926429238
926429488
926429489
926429493
926429747
926430005
926430256
926430259
926430262
926430512
926430513
926430520
926430768
926430775
926431024
926431030
926431498
926431537
926431539
926495031
926495032
926495283
926495285
926495541
926495543
926496050
926496052
926496305
926496311
926496562
926496563
926496820
931315768
932945686
933429687
933712833
934807485
935280802
935505386
937111867
938999190
939369314
939536083
940192308
940192564
940192822
940193076
940193329
940193330
940193841
940193842
940193847
942390477
942427546
942682161
942682378
942682378
942682378
942682423
942682634
942682634
942682634
942682681
942682934
942683952
942683957
942684465
942684468
942684469
942737968
942737968
942737969
942737970
942737970
942737971
942737972
942737972
942737973
942737974
942737974
942737976
942737976
942737977
942747698
942747699
942747701
942747914
942747914
942747953
942747953
942748210
942748464
942748468
942748468
942748725
942748985
942749233
942749234
942749495
942749495
942749745
942749746
942750002
942750006
942750008
942813233
942813450
942813494
942813745
942813747
942813751
942814257
942814517
942814768
942814769
942815281
942815538
942869041
942878986
942879025
942879033
942879033
942879284
942879498
942879543
942879754
942879794
942879796
942880010
942880049
942880306
942880560
942880562
942880563
942881079
942944308
942944309
942944311
942944564
942944820
942944824
942945034
942945290
942945331
942945333
942945546
942945592
942945849
942946101
942946352
942946608
942946613
943000115
943009841
943010096
943010102
943010102
943010103
943010870
943011635
943011638
943011892
943012146
943065651
943075376
943075376
943075380
943075594
943075632
943075633
943075633
943075634
943075637
943075639
943075889
943075891
943076151
943076912
943077425
943077426
943077427
943077431
943077685
943077687
943077688
943131186
943131188
943131189
943140912
943141130
943141130
943141425
943141428
943142193
943142197
943142449
943142449
943142452
943142453
943142455
943142455
943142709
943142711
943142713
943142963
943143222
943143223
943196726
943206666
943206704
943206706
943206707
943206711
943206711
943207218
943207475
943207475
943207478
943207728
943207984
943207989
943208243
943208245
943208249
943208501
943208503
943208753
943208754
943208755
943208758
943208760
943208761
943262264
943271985
943271985
943271987
943271990
943272202
943272202
943272240
943272246
943272458
943272499
943272760
943273265
943273268
943273482
943273520
943273521
943273527
943273738
943273777
943273779
943274033
943274035
943274291
945549966
945664276
946053745
946448309
946509181
946572720
947095336
947450513
947671930
947720670
950208596
950453909
952707832
953409470
956029598
956969017
956969265
956969273
956969525
956969525
956970289
956970296
956970297
956970547
956971315
959459377
959459378
959459380
959459381
959459635
959459850
959459850
959459897
959460146
959460152
959460402
959460403
959460405
959460406
959460657
959460661
959460913
959460921
959461427
959461429
959461430
959461431
959461681
959461684
959515184
959515184
959515184
959515185
959515185
959515185
959515186
959515187
959515187
959515187
959515191
959524912
959525130
959525172
959525175
959525176
959525177
959525424
959525428
959525429
959525686
959525941
959526201
959526201
959526453
959526710
959526712
959526922
959526962
959580721
959580722
959590448
959590448
959590455
959590666
959590666
959590666
959590666
959590711
959590964
959591475
959591478
959591481
959591734
959591985
959592240
959592246
959592497
959592498
959592753
959592758
959592760
959646264
959655990
959655992
959656202
959656241
959656249
959656501
959656502
959656753
959656753
959656760
959657012
959657267
959657269
959657269
959657778
959658292
959711794
959721521
959721526
959721738
959722040
959722040
959722250
959722295
959722546
959722801
959722807
959722807
959723056
959723057
959723063
959723313
959723316
959723572
959723832
959787057
959787274
959787274
959787312
959787315
959787569
959787569
959787576
959787577
959787829
959787831
959788083
959788338
959788596
959788849
959788856
959842865
959842866
959842868
959852593
959852850
959853105
959853623
959853834
959853875
959854385
959854387
959854602
959918135
959918346
959918346
959918391
959918393
959918648
959918896
959918905
959919114
959919152
959919155
959919160
959919415
959919920
959920138
959920178
959942980
959973941
959973943
959983664
959983664
959983667
959983927
959983929
959984177
959984177
959984178
959984438
959984440
959984440
959984688
959984689
959984696
959984944
959984952
959985201
959985462
959985972
960049457
960049462
960049712
960049714
960049930
960049969
960049973
960049977
960050225
960050484
960050743
960050745
960050954
960050993
960050993
960051000
960051001
960051255
960051512
961179360
961785076
962595031
964548234
966288059
967463924
967817124
968915589
971022827
971643258
973408299
973619477
974654231
975325383
977411057
978112787
978994994
979276827
979591829
979697891
981295406
981992505
982019009
982182618
982246731
983049265
983222847
983839386
985132757
986119540
987061151
987706678
991484095
992317290
992508536
994594832
994657699
996780030
997236117
997780016
998779447
999866953
1000426412
1001094571
1001489596
1002159360
1003030110
1004134728
1005150428
1005666330
1006406430
1006485759
1006967931
1007833759
1007914367
1009346919
1012102241
1013283900
1013530732
1013956608
1016145029
1018999301
1019040421
1020411083
1021092423
1021606328
1022226128
1022610316
1026057506
1027349449
1027772911
1027888361
1028594323
1029583113
1030078632
1031404029
1033048806
1033804372
1034900152
1035092218
1035225635
1035521619
1037509886
1038320853
1038491717
1039680204
1039933153
1040177861
1040999661
1042187827
1042297440
1043028217
1043064724
1044171898
1045412124
1045561011
1046303769
1047057660
1048508056
1049652848
1050244533
1054557284
1054852008
1055939487
1056257882
1059042811
1061052540
1062046197
1063333719
1065279763
1065596456
1066389183
1066664921
1068373231
1068429340
1069156292
1069625416
1070387670
1071588975
1072055771
1072284595
1072360675
1073424999
1073726566
1078610175
1078731839
1078787020
1079770210
1080710158
1081185506
1081613513
1082213177
1082346886
1082443795
1084809679
1085575943
1085965644
1086013746
1086015334
1087318049
1087319424
1087326826
1087609504
1087929372
1088134564
1090208686
1090308038
1090478861
1090987913
1092287199
1092367389
1098726106
1102346012
1103435789
1103727867
1104103436
1105619714
1105705532
1105724746
1105891326
1108914744
1109296742
1110414393
1110612988
1110871454
1111062264
1112960639
1113921379
1117488082
1117692001
1118043850
1118061645
1119609565
1120770022
1120776762
1121484710
1125955234
1127651633
1128107907
1129710262
1130728218
1130885844
1131935424
1133134508
1133852555
1134631029
1135314517
1136204616
1136701065
1137349406
1138489749
1139534997
1139566071
1142393535
1143515950
1144043250
1145647347
1146956923
1148249687
1148673671
1148879787
1148962221
1149990563
1151389323
1151417454
1152217587
1152286541
1153826612
1154103485
1155234619
1155905257
1157057711
1158018885
1158163116
1159783218
1161896332
1164626980
1165014476
1168463121
1168764058
1169643875
1172234081
1172694864
1172876852
1174062168
1174511584
1175774809
1177232983
1178588687
1179393463
1182239767
1182922074
1183008091
1183145879
1183449974
1183756529
1183810292
1184296609
1184955170
1185843112
1186599568
1187594736
1187859717
1188093653
1188258475
1193564854
1193644760
1195239204
1195254757
1196091108
1196293614
1197613222
1198178051
1198637356
1199137316
1199579785
1199820011
1199892066
1200082144
1201441274
1202246475
1207398672
1214262100
1215727561
1216104315
1216376984
1218148450
1218206126
1218353980
1219559678
1220012928
1220055598
1221516078
1223446961
1224214108
1224710765
1224975020
1226370339
1228125906
1228408419
1229295587
1231538469
1232014902
1232032089
1233127692
1233285707
1233353306
1233774260
1233850192
1237202417
1238600817
1238770249
1238799205
1241950943
1242630807
1242758011
1243244555
1244459683
1245881418
1246387544
1248273698
1248984471
1249295652
1249597744
1249839472
1250381073
1251015625
1251820915
1253181720
1253205730
1254925581
1255739975
1256742151
1257434353
1258772051
1259408692
1260130815
1262629085
1264461374
1266138270
1266191241
1267680986
1270563143
1272056883
1273148882
1274939182
1275847586
1278087278
1278146499
1279386030
1280253273
1282473694
1283399709
1283618629
1283862623
1285485299
1286520582
1286734184
1289763132
1291772008
1292230517
1293462353
1293879521
1299255446
1300003312
1300107623
1301635098
1302426121
1303744177
1304741586
1306311592
1309389440
1310259533
1310580538
1315289617
1315565363
1316354486
1317543045
1317852809
1318806364
1319541299
1323176028
1323918032
1327850934
1328259222
1328290779
1330412019
1331914584
1333685181
1334136978
1334293228
1334402183
1335457933
1335772785
1339352838
1340777678
1342044783
1343046744
1343119274
1345006577
1346504626
1347002423
1353559149
1354784329
1357420684
1357983665
1359279585
1364439400
1365359201
1367146026
1369150973
1373561444
1375477961
1375714091
1375921706
1376501696
1379274994
1379309940
1381720471
1383420950
1384077522
1384200579
1384402642
1385823457
1385841657
1385963193
1387139032
1388793603
1390311077
1391013258
1391387797
1391460162
1392485871
1394951878
1395921135
1396307250
1398448018
1401064471
1402134520
1403508370
1404317904
1407583827
1408491524
1408749792
1411335064
1411491599
1411703121
1412460943
1412707755
1412761699
1413836633
1413952426
1414279194
1414585729
1415730657
1415766571
1416395453
1416503432
1416582899
1416925749
1418507300
1418767609
1419328489
1420774823
1421461770
1422083582
1422775826
1422992399
1423102485
1425769367
1426309087
1426568950
1427891286
1428632716
1428776996
1429409314
1430020821
1430097839
1430846778
1431005931
1431194557
1432151367
1432301714
1432677490
1432744495
1433505819
1434667110
1434867796
1435102392
1435713970
1436592655
1436746661
1437815318
1438904640
1439227397
1440553674
1442623010
1443728954
1443996993
1445683581
1446479188
1447001992
1448940792
1449755390
1451405032
1452373538
1452562596
1455314376
1456305707
1456857380
1459363395
1459675509
1459676300
1459933987
1460882976
1462029296
1462069365
1463333526
1464744717
1466165915
1468146947
1470020542
1473731216
1473973374
1474138337
1474210204
1476242659
1477330454
1480074989
1480140516
1480239699
1480450375
1482411773
1483584733
1483896892
1484442124
1484771990
1485498733
1490766777
1491912409
1493526965
1495304778
1496518881
1497685829
1500617080
1502492177
1502781088
1505728493
1507003347
1507350678
1508541402
1509067402
1510503278
1511475383
1512278549
1513010297
1513818897
1514494481
1516996572
1519720011
1520986576
1523969934
1524550402
1525175098
1526893605
1527790492
1529587936
1530644151
1532166316
1532526473
1534219752
1534365318
1535085197
1535381164
1538075504
1539289549
1539464988
1539571597
1541395083
1542336903
1543789534
1543841687
1544100667
1544506217
1548025774
1548035443
1548617727
1549280180
1550472581
1551339183
1552151388
1553194353
1554509016
1554584182
1557571158
1560256936
1561628093
1561939268
1561961428
1562705874
1563366565
1564325894
1565947522
1565977027
1566009567
1567339231
1568056844
1568788998
1569292827
1569483678
1570415450
1570528139
1573282603
1574733293
1574742518
1576204035
1577902149
1579114888
1579164407
1582712587
1583649444
1583957860
1584647491
1585573672
1586081660
1588242189
1588437211
1591297608
1591531700
1592512992
1592701735
1597202668
1597542504
1597747423
1598456740
1599359044
1599771697
1602783128
1603212283
1603543815
1603840125
1606155870
1606578358
1607140741
1607215952
1614649718
1617105939
1619672571
1620612741
1623715341
1627708573
1631478015
1631654145
1632173990
1632175840
1632397964
1632733972
1634354171
1636461280
1639011236
1640125137
1641382481
1641961204
1643635749
1645521003
1647572307
1648689178
1650780946
1651645531
1652122677
1652552610
1653310864
1653899250
1653985981
1654008968
1654436777
1657783761
1659982786
1660318913
1660719275
1663059809
1664179280
1667760521
1668318589
1668677673
1669509830
1669682573
1669686622
1670428144
1670458442
1674166325
1674296274
1676221983
1677532981
1677862329
1678832357
1679627750
1679796883
1680234258
1680345994
1680859706
1681865580
1683444151
1683834806
1684401793
1686009705
1687328570
1687917507
1688649050
1689910311
1690827077
1693370168
1693993551
1694651610
1699683347
1700637900
1700721294
1701789050
1702495278
1703125271
1704610716
1706562316
1708559445
1708581904
1709478219
1710067803
1711277396
1711290761
1715324912
1715819360
1716093468
1718425321
1718747827
1719196516
1719504948
1722253614
1722489634
1722628693
1723408149
1723990648
1724561591
1724635341
1725414659
1726652655
1727540571
1727813248
1727968170
1729829822
1729973779
1731702613
1731713528
1732155017
1734303127
1734568720
1735281864
1735697478
1737586765
1739330244
1740849966
1741150094
1741264190
1742854776
1743187751
1744248361
1745657158
1748270090
1749473207
1750184585
1750676618
1751690843
1753430917
1756289072
1759828076
1761602470
1762255913
1763588854
1764110975
1764266284
1765087489
1766206236
1768587598
1771785233
1772090508
1773465137
1774076790
1774622749
1776908830
1777741224
1779519014
1779938061
1780392424
1781282557
1784426192
1785007030
1786152074
1787871342
1788797586
1788804076
1791749920
1792903968
1793413805
1793707107
1793946415
1796167665
1798953484
1800018418
1801646364
1802063857
1803101301
1805843811
1806139549
1806309763
1808474960
1810479372
1811012862
1812894567
1813237734
1813645884
1815598908
1816975869
1819439439
1823564929
1823565857
1823693575
1824341463
1824411676
1827998539
1832676969
1833851629
1834106122
1834883431
1835485619
1837776849
1838574706
1838678488
1843817812
1844558956
1844734616
1846046860
1846315090
1847318703
1847431316
1847904112
1848330830
1848953552
1849010296
1851108459
1853798235
1854280385
1855507724
1857004761
1857550320
1858886029
1859447947
1860034170
1862318665
1862431988
1863372149
1864577294
1865055502
1865723138
1866183740
1866267921
1866912171
1866921590
1869038712
1869245696
1869905273
1870278263
1870466886
1874722196
1874903124
1876577546
1879239509
1880326581
1881083661
1883550010
1883973739
1885738392
1885844012
1885866318
1888635370
1891110881
1892448485
1893287016
1897305661
1897485679
1898093915
1899082668
1899701224
1899917602
1900332937
1900448577
1900546572
1902834586
1903507385
1904699484
1905768642
1909132896
1909328043
1909371120
1911567217
1912763901
1913733831
1914072291
1914246475
1915198778
1915358664
1916691602
1918065842
1918199500
1918314665
1918592510
1919773651
1921378598
1922057748
1922335785
1924480131
1924886394
1925915745
1925989546
1931427409
1932118573
1933221596
1935920817
1935948992
1936024601
1936099845
1937524405
1937841657
1938803538
1939028320
1939886796
1940182669
1940453326
1940676094
1942922520
1944489872
1945757480
1945991317
1949089798
1951066374
1951433369
1952539791
1954193403
1954872677
1955065328
1958293184
1959060024
1959584494
1961274462
1962262853
1962606460
1963379552
1963498844
1964951262
1969148760
1971526222
1971793295
1973836934
1973969435
1976448735
1977132703
1978953067
1980748219
1981680822
1982325146
1982331505
1982622039
1982673323
1982732484
1982742433
1983120422
1983759360
1985071471
1985269526
1985734892
1986793682
1987929534
1988718727
1988874729
1989527495
1989571073
1990597539
1991159112
1993280594
1994688884
1995280697
1995965819
1996190433
1997933516
1999480208
2000508937
2002473237
2002608042
2004723679
2005937738
2006410562
2008411725
2008784102
2009337028
2010649421
2010888840
2014919010
2015237869
2015695883
2016845999
2023867021
2024873226
2025251709
2026240707
2026321289
2028573450
2029418482
2030981351
2031148153
2032205983
2032681856
2033665701
2034566931
2034628719
2035433973
2035553862
2037349137
2040150358
2040214196
2040299214
2041181087
2042225210
2042255497
2043324813
2045715926
2046641453
2047245824
2047983652
2048536917
2048693364
2048924684
2049970995
2052678908
2053356134
2055790277
2056252587
2056628485
2060722341
2062278529
2062534134
2063044401
2063483926
2067932633
2069135529
2072591009
2074471661
2074545895
2075387232
2075501205
2078015422
2078539680
2078902431
2079279122
2080589606
2081717336
2082885898
2083407828
2083508285
2083608296
2083871426
2087055382
2089494488
2092812551
2093681157
2095849751
2096063842
2096316938
2099236077
2100984776
2102205053
2102783319
2103569031
2104498176
2104785427
2105279513
2105680528
2109542390
2110034283
2110273463
2110470344
2112263392
2112313341
2112602980
2113756791
2116178653
2117137732
2117560278
2118427565
2118533339
2118693655
2118961188
2121153548
2122090727
2122169061
2128456733
2130762127
2131569208
2132127827
2133872488
2134302709
2136215011
2137085497
2137147502
2137460844
2138950012
2139332575
2140261296
2140884738
2142277943
2142631542
2143325905
2144301961
2144560662
2147265268
