26
26
26
40
40
99
99
112
112
211
211
314
314
339
339
368
368
392
392
419
419
433
433
463
463
522
522
539
539
539
611
611
661
661
673
673
676
676
687
687
692
692
709
709
712
712
757
757
758
758
781
781
798
798
810
810
813
813
818
818
854
854
950
950
963
963
963
971
971
984
984
1001
1001
1014
1014
1025
1025
1115
1115
1152
1152
1166
1166
1167
1167
1196
1196
1241
1241
1288
1288
1291
1291
1317
1317
1325
1325
1368
1368
1382
1382
1433
1433
1477
1477
1517
1517
1536
1536
1541
1541
1548
1548
1554
1554
1559
1559
1560
1560
1565
1565
1670
1670
1721
1721
1746
1746
1746
1780
1780
1843
1843
1855
1855
1885
1885
1894
1894
1917
1917
1927
1927
1932
1932
1962
1962
1994
1994
2010
2010
2035
2035
2082
2082
2104
2104
2114
2114
2162
2162
2195
2195
2195
2227
2227
2230
2230
2278
2278
2282
2282
2283
2283
2301
2301
2320
2320
2421
2421
2421
2422
2422
2459
2459
2489
2489
2491
2491
2491
2532
2532
2543
2543
2545
2545
2593
2593
2665
2665
2698
2698
2711
2711
2760
2760
2776
2776
2803
2803
2873
2873
2888
2888
2906
2906
2906
2910
2910
2931
2931
2933
2933
2994
2994
3008
3008
3072
3072
3080
3080
3110
3110
3122
3122
3132
3132
3153
3153
3153
3165
3165
3230
3230
3230
3247
3247
3267
3267
3277
3277
3337
3337
3340
3340
3342
3342
3354
3354
3385
3385
3412
3412
3415
3415
3418
3418
3418
3434
3434
3511
3511
3533
3533
3577
3577
3582
3582
3612
3612
3616
3616
3620
3620
3620
3628
3628
3651
3651
3735
3735
3745
3745
3784
3784
3810
3810
3824
3824
3840
3840
3843
3843
3872
3872
3881
3881
3898
3898
3898
3898
3965
3965
3965
3988
3988
4006
4006
4008
4008
4037
4037
4037
4042
4042
4042
4062
4062
4090
4090
4174
4174
4189
4189
4206
4206
4255
4255
4329
4329
4336
4336
4343
4343
4381
4381
4421
4421
4429
4429
4560
4560
4567
4567
4578
4578
4610
4610
4616
4616
4630
4630
4651
4651
4668
4668
4709
4709
4738
4738
4739
4739
4753
4753
4754
4754
4754
4755
4755
4798
4798
4803
4803
4845
4845
4880
4880
4882
4882
4897
4897
4922
4922
4959
4959
5018
5018
5023
5023
5060
5060
5112
5112
5203
5203
5280
5280
5294
5294
5297
5297
5304
5304
5379
5379
5403
5403
5412
5412
5450
5450
5465
5465
5475
5475
5509
5509
5509
5576
5576
5615
5615
5624
5624
5628
5628
5628
5645
5645
5656
5656
5665
5665
5685
5685
5742
5742
5742
5771
5771
5797
5797
5802
5802
5827
5827
5827
5827
5836
5836
5860
5860
5887
5887
5898
5898
5952
5952
6011
6011
6145
6145
6164
6164
6183
6183
6220
6220
6256
6256
6272
6272
6273
6273
6284
6284
6302
6302
6302
6320
6320
6348
6348
6396
6396
6416
6416
6420
6420
6460
6460
6460
6511
6511
6585
6585
6625
6625
6626
6626
6644
6644
6695
6695
6815
6815
6852
6852
6877
6877
6913
6913
6919
6919
6996
6996
7025
7025
7029
7029
7038
7038
7094
7094
7098
7098
7099
7099
7121
7121
7167
7167
7246
7246
7268
7268
7268
7282
7282
7288
7288
7338
7338
7360
7360
7424
7424
7514
7514
7624
7624
7636
7636
7640
7640
7709
7709
7725
7725
7799
7799
7812
7812
7822
7822
7839
7839
7853
7853
7876
7876
7897
7897
7902
7902
7949
7949
8005
8005
8022
8022
8033
8033
8038
8038
8048
8048
8048
8061
8061
8098
8098
8121
8121
8189
8189
8204
8204
8205
8205
8209
8209
8216
8216
8232
8232
8252
8252
8252
8330
8330
8466
8466
8470
8470
8544
8544
8556
8556
8590
8590
8623
8623
8659
8659
8665
8665
8673
8673
8730
8730
8785
8785
8785
8817
8817
8820
8820
8823
8823
8849
8849
8867
8867
8892
8892
9010
9010
9040
9040
9046
9046
9051
9051
9071
9071
9073
9073
9092
9092
9204
9204
9246
9246
9250
9250
9257
9257
9271
9271
9307
9307
9374
9374
9405
9405
9405
9419
9419
9422
9422
9429
9429
9514
9514
9533
9533
9554
9554
9554
9569
9569
9585
9585
9642
9642
9672
9672
9686
9686
9687
9687
9689
9689
9707
9707
9709
9709
9772
9772
9781
9781
9813
9813
9824
9824
9853
9853
9927
9927
9948
9948
9967
9967
9971
9971
9989
9989
2138491
16031241
27218186
33556885
43204445
56832590
96996006
107915793
133056176
171258162
171324981
171455032
171456821
171521073
185262230
190069315
217206849
242622446
243309355
253359059
274176394
281987031
305292932
310622990
319608118
320181260
339005807
364931172
368046488
376395302
405244824
416432988
428864885
463963558
488076056
490378572
493760924
506396542
509594435
534869628
549976498
551525402
572110758
572916277
575202377
596241070
596476766
605639602
609513904
650268281
675321852
683658894
726734086
768677334
774222649
778012055
780493525
781486774
786456426
797714869
799414402
799874785
808466442
808520247
808596788
808726580
816759591
819874703
822751799
822752048
822752821
822753081
825241866
825241866
825307189
825374512
825505842
825702705
825833265
839528503
842020657
842074675
842085686
842086705
842086705
842217010
842281526
842282552
842283320
842347826
842609716
844759844
847692181
858087247
858797578
858861834
858863408
858992906
859310643
859320631
859321610
862652231
869753550
875574327
875837240
875902261
876098098
876099888
876163378
878631076
882234605
885597916
888885886
889860665
892351537
892406322
892481846
892745015
901079332
907206288
909194292
909194547
909259832
909586486
920038068
921847092
925905456
925972533
926494770
926867964
929492553
940193336
942682673
942682678
943010058
950376260
959527223
959918390
959973944
961351096
977706662
978712587
982032850
986819610
988656482
993808557
1001075055
1008659253
1032079745
1051261693
1056258853
1059139602
1074768897
1076239595
1080669468
1128494712
1137057341
1144067004
1164714548
1170615685
1178158186
1190546977
1191075620
1197097676
1215174934
1219301736
1226352119
1227616653
1228221139
1246679863
1247617030
1261245734
1265773880
1268105438
1275681501
1287783034
1343923594
1360371836
1369297738
1379091135
1392793119
1429760649
1464253586
1474554214
1479713389
1488680648
1498028925
1527185298
1543126620
1543747633
1545954677
1547255131
1553080654
1555852483
1560700305
1568424307
1582416012
1583821616
1591402285
1595933896
1606131725
1611223721
1612339988
1622271359
1647982609
1680820804
1685664790
1693418939
1697124896
1699670207
1705168266
1706160976
1714132128
1734654698
1753581446
1761447447
1762703957
1764666720
1775361629
1788215115
1791974501
1796541098
1799662803
1810431232
1816426976
1819838301
1820660043
1823889806
1850157538
1855115634
1855137026
1872182285
1898597835
1910483617
1925414580
1931561883
1937386018
1937632830
1942189355
1945407288
1946125680
1948217815
1961142054
1968961983
1972745954
1973649531
1993611423
2000841075
2003774444
2009728348
2024114352
2038989384
2054559489
2056216527
2060692932
2062374178
2063551960
2075669185
2092873362
2108025828
2126388487
2133707084
2144168480
