1
2
4
5
7
8
10
11
12
14
15
17
18
20
21
22
24
25
27
28
30
31
32
34
35
37
38
40
41
42
42
44
45
45
47
48
50
51
52
54
55
55
57
58
60
61
61
62
64
65
67
68
70
71
72
74
75
77
78
80
81
81
82
84
85
87
88
90
91
92
94
95
97
98
100
101
102
104
105
107
108
110
111
112
114
115
115
117
118
120
121
121
122
124
125
127
128
130
130
131
132
134
135
137
138
140
141
142
144
145
147
148
150
151
152
154
155
157
158
160
161
162
162
164
165
167
168
170
171
172
174
175
177
178
180
181
182
184
185
187
188
190
191
192
193
193
194
195
197
198
199
200
201
202
204
205
207
208
210
211
212
214
215
217
218
220
221
222
224
225
227
228
230
231
232
234
235
237
238
240
241
242
244
245
247
248
250
251
252
254
255
257
258
260
261
262
264
265
267
268
270
271
272
274
275
277
278
280
281
282
283
284
285
287
288
290
291
292
294
295
297
298
300
301
302
304
305
307
308
310
311
312
314
315
317
318
320
321
322
324
325
327
327
328
330
331
332
334
335
337
338
340
341
342
344
345
347
348
350
351
352
354
355
357
358
360
361
362
364
365
365
367
368
370
371
372
374
375
377
378
380
381
382
384
385
387
388
390
391
392
394
395
397
398
400
401
402
403
404
405
407
408
410
411
412
414
415
417
418
420
421
422
424
425
427
428
430
431
432
434
435
437
437
438
440
441
442
444
445
447
448
450
451
452
454
455
457
458
460
461
462
464
465
467
468
470
471
472
474
475
477
478
480
481
482
484
484
485
487
488
490
491
492
494
495
497
498
500
501
502
504
505
507
508
510
511
512
514
515
517
518
520
521
522
524
525
527
528
530
531
532
534
535
537
538
540
541
542
544
545
547
548
550
551
552
554
555
557
558
560
561
562
564
565
567
568
570
571
572
574
575
577
578
578
580
581
582
584
585
587
588
590
591
592
594
594
595
597
598
600
601
602
604
605
607
608
610
611
612
614
614
615
617
617
617
618
620
621
622
624
625
627
628
630
631
632
633
634
635
637
638
640
641
642
644
645
647
648
650
651
652
654
655
657
658
660
661
662
664
665
667
668
668
670
671
672
674
675
677
678
680
681
682
684
685
687
688
690
691
692
694
695
697
698
700
701
702
704
705
707
708
710
711
712
714
715
717
718
718
720
721
722
724
725
727
728
730
731
732
734
735
737
738
740
741
742
744
745
747
748
750
751
752
754
755
757
758
760
761
762
764
765
767
768
770
771
772
774
775
777
778
780
781
782
784
785
787
788
790
791
792
794
795
797
798
800
801
802
804
805
807
808
810
811
812
814
815
817
818
818
820
821
822
824
825
827
828
830
831
832
834
835
837
838
840
841
842
844
845
847
848
850
851
852
854
855
857
858
860
861
862
864
865
867
868
870
871
872
874
875
877
878
880
881
882
884
885
887
888
890
891
892
894
895
897
898
900
901
902
904
905
907
908
910
911
912
914
915
917
918
920
921
922
924
925
927
928
930
931
932
934
935
937
938
940
941
942
944
945
947
948
950
951
952
954
955
957
958
960
961
961
962
964
965
965
967
968
970
971
971
972
974
975
977
978
980
981
982
984
985
987
988
990
991
992
994
995
997
998
1000
1001
1002
1004
1005
1007
1008
1010
1011
1012
1014
1015
1017
1018
1020
1021
1021
1022
1024
1025
1027
1028
1030
1031
1032
1034
1035
1037
1037
1038
1040
1041
1042
1044
1045
1047
1048
1050
1051
1052
1054
1055
1057
1058
1060
1061
1062
1064
1065
1067
1068
1068
1070
1071
1072
1074
1075
1077
1078
1080
1081
1082
1084
1085
1087
1088
1090
1091
1092
1094
1095
1097
1098
1100
1101
1102
1104
1105
1107
1108
1110
1111
1112
1114
1115
1116
1117
1118
1120
1121
1122
1124
1125
1127
1128
1130
1131
1132
1134
1135
1137
1138
1140
1141
1142
1144
1145
1147
1148
1150
1151
1152
1154
1155
1157
1158
1160
1161
1162
1164
1165
1167
1168
1170
1171
1172
1174
1175
1177
1178
1180
1181
1182
1184
1184
1185
1187
1188
1190
1190
1191
1192
1194
1195
1197
1198
1200
1201
1202
1204
1205
1207
1208
1210
1211
1212
1214
1215
1217
1218
1220
1221
1222
1224
1225
1227
1227
1228
1230
1231
1232
1234
1235
1237
1238
1240
1241
1242
1244
1245
1247
1248
1250
1251
1252
1254
1255
1257
1258
1260
1261
1262
1264
1265
1267
1268
1268
1270
1271
1272
1274
1275
1277
1278
1280
1281
1282
1284
1285
1287
1288
1290
1291
1292
1294
1295
1297
1298
1298
1299
1300
1301
1302
1304
1305
1306
1307
1308
1310
1311
1312
1314
1315
1317
1318
1320
1321
1322
1324
1325
1327
1328
1330
1331
1332
1334
1335
1337
1338
1338
1340
1341
1342
1344
1345
1347
1348
1350
1351
1352
1354
1355
1357
1358
1360
1361
1362
1364
1365
1367
1368
1370
1371
1372
1374
1374
1375
1377
1378
1380
1381
1382
1384
1385
1387
1388
1390
1391
1392
1393
1394
1395
1397
1398
1400
1401
1402
1403
1404
1405
1407
1408
1410
1411
1412
1414
1415
1417
1418
1420
1421
1422
1424
1425
1427
1428
1430
1431
1432
1434
1435
1437
1438
1440
1441
1442
1442
1444
1445
1447
1448
1450
1451
1452
1454
1455
1457
1458
1460
1461
1462
1464
1465
1467
1468
1470
1471
1472
1474
1475
1476
1477
1478
1480
1481
1481
1481
1482
1484
1485
1487
1488
1490
1491
1492
1494
1495
1497
1498
1498
1500
1501
1502
1504
1505
1507
1508
1510
1511
1512
1514
1515
1517
1518
1520
1521
1522
1524
1525
1527
1528
1530
1531
1532
1534
1535
1537
1538
1540
1541
1542
1544
1545
1547
1548
1550
1551
1552
1554
1555
1557
1558
1560
1561
1562
1564
1565
1567
1568
1570
1571
1572
1574
1575
1577
1578
1580
1581
1582
1584
1585
1587
1588
1590
1591
1592
1594
1595
1597
1598
1600
1601
1602
1604
1605
1607
1608
1609
1610
1611
1612
1614
1615
1615
1617
1618
1620
1621
1622
1624
1625
1627
1628
1629
1630
1631
1632
1632
1634
1635
1637
1638
1640
1641
1642
1644
1645
1647
1648
1650
1651
1652
1653
1654
1655
1657
1658
1660
1661
1662
1664
1665
1667
1668
1668
1670
1670
1671
1672
1674
1675
1677
1678
1680
1681
1682
1684
1685
1685
1687
1688
1690
1691
1692
1694
1695
1697
1698
1700
1701
1702
1704
1705
1707
1708
1710
1711
1712
1714
1715
1717
1718
1720
1721
1722
1724
1725
1727
1728
1730
1731
1732
1734
1735
1737
1738
1740
1741
1742
1744
1745
1747
1748
1749
1750
1751
1752
1754
1755
1757
1758
1760
1761
1762
1764
1765
1767
1768
1770
1771
1772
1774
1775
1777
1778
1780
1781
1782
1784
1785
1787
1788
1790
1791
1791
1792
1794
1795
1797
1798
1800
1801
1802
1804
1805
1807
1808
1810
1811
1812
1814
1815
1817
1818
1820
1821
1822
1824
1825
1827
1828
1830
1831
1832
1834
1835
1837
1838
1840
1841
1842
1844
1845
1847
1848
1850
1851
1852
1854
1855
1855
1857
1858
1860
1861
1862
1864
1865
1867
1868
1870
1871
1872
1874
1875
1877
1878
1879
1880
1881
1882
1884
1885
1885
1886
1887
1888
1890
1891
1892
1894
1895
1897
1898
1900
1901
1902
1904
1905
1907
1908
1910
1911
1912
1914
1915
1917
1918
1920
1921
1922
1924
1925
1927
1928
1930
1931
1932
1934
1935
1937
1938
1940
1941
1942
1944
1945
1947
1948
1950
1951
1952
1954
1955
1957
1958
1960
1961
1962
1964
1965
1967
1968
1970
1971
1972
1974
1975
1977
1978
1980
1980
1981
1982
1984
1985
1987
1988
1989
1990
1991
1992
1994
1995
1997
1998
2000
2001
2002
2004
2005
2007
2008
2010
2011
2012
2014
2015
2017
2018
2020
2021
2022
2024
2025
2027
2028
2030
2031
2032
2034
2035
2037
2038
2040
2041
2042
2044
2045
2047
2048
2050
2051
2052
2054
2055
2057
2058
2060
2061
2062
2064
2065
2067
2068
2070
2071
2072
2074
2074
2075
2077
2078
2080
2081
2082
2084
2085
2087
2088
2090
2091
2092
2093
2094
2095
2097
2098
2100
2101
2102
2104
2105
2107
2108
2110
2111
2112
2114
2115
2117
2118
2120
2121
2122
2124
2125
2127
2128
2130
2130
2131
2132
2134
2135
2137
2138
2140
2141
2142
2144
2145
2147
2148
2150
2151
2152
2154
2155
2157
2158
2160
2161
2162
2163
2164
2165
2167
2168
2170
2171
2172
2174
2175
2177
2178
2180
2181
2182
2184
2185
2187
2188
2190
2191
2191
2192
2194
2195
2197
2198
2200
2201
2202
2204
2205
2207
2208
2210
2211
2212
2214
2215
2217
2218
2220
2221
2222
2224
2225
2227
2228
2230
2231
2232
2234
2235
2237
2238
2240
2241
2242
2244
2245
2247
2248
2250
2251
2252
2254
2255
2257
2258
2260
2261
2261
2262
2264
2265
2267
2268
2268
2270
2271
2272
2274
2275
2277
2278
2278
2280
2281
2282
2284
2285
2287
2288
2290
2291
2292
2294
2295
2297
2298
2300
2301
2302
2304
2305
2307
2308
2310
2311
2312
2314
2315
2317
2318
2320
2321
2322
2324
2325
2327
2328
2330
2331
2332
2334
2335
2337
2338
2339
2340
2341
2342
2343
2344
2345
2347
2348
2350
2351
2352
2354
2355
2357
2358
2360
2361
2362
2364
2365
2367
2368
2368
2370
2371
2372
2374
2374
2375
2377
2378
2380
2381
2382
2384
2385
2386
2387
2388
2390
2391
2392
2394
2395
2397
2398
2400
2401
2402
2404
2405
2407
2408
2410
2411
2412
2414
2415
2417
2418
2420
2421
2422
2424
2425
2427
2428
2430
2431
2432
2434
2435
2437
2438
2440
2441
2442
2444
2445
2447
2448
2450
2451
2452
2454
2455
2457
2458
2460
2460
2461
2462
2464
2465
2467
2468
2470
2471
2472
2474
2475
2477
2478
2480
2481
2482
2484
2485
2487
2488
2490
2491
2492
2494
2495
2497
2498
2500
2501
2502
2504
2505
2507
2508
2510
2511
2512
2514
2515
2517
2518
2520
2521
2522
2522
2524
2524
2525
2526
2527
2528
2530
2531
2532
2534
2535
2537
2538
2539
2540
2540
2541
2542
2542
2544
2545
2547
2548
2550
2551
2552
2554
2555
2557
2558
2559
2560
2561
2562
2564
2565
2567
2568
2568
2570
2571
2572
2574
2575
2577
2577
2578
2580
2581
2582
2584
2585
2587
2588
2590
2591
2592
2594
2595
2597
2598
2600
2601
2602
2604
2605
2605
2607
2608
2610
2611
2612
2614
2615
2617
2618
2620
2621
2622
2624
2625
2627
2628
2630
2631
2632
2634
2635
2637
2638
2640
2641
2642
2644
2645
2647
2647
2648
2650
2651
2652
2654
2655
2656
2657
2658
2660
2661
2662
2664
2665
2667
2668
2670
2671
2672
2674
2675
2677
2678
2680
2681
2682
2684
2685
2687
2688
2690
2691
2692
2694
2695
2697
2698
2700
2701
2702
2704
2705
2707
2708
2710
2711
2712
2714
2715
2717
2717
2718
2720
2721
2722
2724
2725
2727
2728
2730
2731
2732
2734
2735
2737
2738
2740
2741
2742
2744
2745
2747
2748
2750
2751
2752
2754
2755
2757
2758
2760
2760
2761
2762
2764
2765
2767
2768
2770
2771
2772
2774
2775
2777
2778
2779
2780
2781
2782
2782
2784
2785
2787
2788
2790
2791
2792
2794
2795
2797
2798
2800
2801
2802
2804
2805
2807
2808
2810
2811
2812
2814
2815
2817
2818
2818
2820
2821
2822
2824
2825
2827
2828
2830
2831
2832
2834
2835
2837
2838
2840
2841
2842
2844
2845
2847
2848
2850
2851
2852
2854
2855
2857
2858
2860
2861
2862
2864
2865
2867
2868
2870
2871
2872
2874
2875
2877
2878
2878
2880
2881
2882
2884
2885
2887
2888
2890
2891
2892
2894
2895
2897
2898
2900
2901
2902
2904
2905
2907
2908
2910
2911
2912
2914
2915
2917
2918
2920
2921
2922
2924
2925
2927
2928
2930
2931
2932
2934
2935
2937
2938
2940
2941
2942
2944
2945
2947
2948
2950
2951
2952
2954
2955
2957
2958
2960
2961
2962
2964
2965
2967
2968
2970
2971
2972
2974
2975
2977
2978
2980
2981
2982
2984
2985
2987
2988
2990
2991
2992
2994
2995
2997
2998
3000
3001
3002
3004
3004
3005
3007
3008
3010
3011
3012
3014
3015
3017
3018
3020
3021
3022
3024
3025
3027
3028
3030
3031
3032
3034
3035
3037
3037
3038
3040
3041
3042
3044
3045
3047
3048
3048
3050
3051
3052
3054
3054
3055
3057
3058
3060
3061
3061
3062
3064
3065
3067
3068
3068
3070
3070
3071
3072
3074
3075
3077
3078
3080
3080
3081
3082
3084
3085
3087
3088
3090
3091
3092
3094
3095
3097
3098
3100
3101
3102
3104
3105
3107
3108
3110
3111
3112
3114
3115
3117
3118
3120
3121
3122
3124
3125
3127
3128
3130
3131
3132
3134
3135
3137
3138
3140
3141
3142
3144
3144
3145
3147
3148
3150
3151
3151
3152
3154
3155
3157
3158
3160
3161
3162
3164
3165
3167
3168
3170
3171
3172
3174
3175
3177
3178
3180
3181
3182
3184
3185
3187
3188
3190
3191
3192
3194
3195
3197
3197
3198
3200
3201
3202
3202
3204
3205
3207
3208
3210
3211
3212
3214
3215
3217
3218
3219
3220
3221
3222
3224
3225
3227
3228
3230
3231
3232
3234
3234
3235
3237
3238
3240
3241
3242
3244
3245
3247
3248
3250
3251
3252
3254
3255
3257
3258
3260
3261
3262
3264
3265
3267
3268
3270
3270
3271
3272
3274
3275
3277
3278
3280
3281
3282
3284
3284
3285
3287
3287
3288
3290
3291
3292
3294
3295
3297
3298
3300
3301
3302
3304
3305
3307
3308
3310
3311
3312
3314
3315
3317
3318
3320
3321
3321
3322
3324
3325
3327
3328
3330
3331
3332
3334
3335
3337
3338
3340
3340
3341
3342
3344
3345
3347
3348
3350
3351
3352
3354
3355
3357
3358
3360
3361
3362
3364
3365
3367
3368
3370
3371
3372
3374
3375
3377
3378
3380
3381
3382
3384
3385
3387
3388
3390
3391
3392
3394
3395
3397
3398
3400
3401
3402
3404
3405
3407
3408
3410
3411
3412
3414
3415
3417
3418
3420
3421
3422
3424
3425
3427
3428
3430
3431
3432
3434
3435
3437
3438
3440
3441
3442
3444
3445
3447
3448
3450
3451
3451
3452
3454
3455
3457
3458
3460
3461
3462
3464
3465
3467
3468
3470
3471
3472
3474
3475
3477
3478
3480
3481
3482
3484
3485
3487
3487
3488
3490
3491
3492
3494
3495
3497
3498
3500
3501
3502
3504
3505
3507
3508
3510
3511
3512
3514
3515
3517
3518
3520
3521
3522
3524
3525
3526
3527
3528
3530
3531
3531
3532
3534
3534
3535
3537
3538
3540
3541
3542
3544
3545
3547
3548
3550
3551
3552
3554
3555
3557
3558
3560
3561
3562
3564
3565
3567
3568
3570
3571
3572
3574
3575
3577
3578
3580
3581
3582
3583
3584
3585
3587
3588
3590
3591
3592
3594
3595
3597
3598
3600
3601
3602
3604
3605
3605
3607
3608
3610
3611
3612
3614
3615
3617
3618
3620
3621
3622
3624
3625
3627
3628
3630
3631
3632
3634
3635
3637
3637
3638
3640
3641
3642
3644
3645
3647
3648
3650
3651
3652
3653
3654
3655
3657
3658
3658
3660
3661
3662
3664
3665
3667
3668
3670
3671
3672
3674
3675
3677
3678
3680
3681
3682
3684
3685
3687
3688
3690
3690
3691
3692
3694
3695
3697
3698
3700
3701
3702
3704
3705
3707
3708
3709
3710
3711
3712
3714
3715
3717
3718
3720
3720
3721
3722
3724
3725
3727
3728
3730
3731
3732
3734
3735
3737
3738
3740
3741
3742
3744
3745
3747
3748
3750
3751
3752
3754
3755
3757
3758
3759
3760
3761
3762
3764
3765
3767
3768
3770
3771
3772
3774
3775
3777
3778
3780
3781
3782
3784
3785
3786
3787
3788
3790
3791
3792
3794
3795
3797
3798
3800
3801
3802
3804
3805
3807
3808
3810
3811
3812
3814
3815
3817
3818
3820
3821
3822
3824
3825
3827
3828
3830
3831
3832
3834
3835
3835
3837
3838
3840
3841
3842
3844
3845
3846
3847
3848
3850
3851
3852
3854
3855
3857
3858
3860
3861
3862
3864
3865
3867
3868
3870
3871
3872
3874
3875
3877
3878
3880
3881
3882
3884
3885
3887
3888
3890
3891
3892
3894
3895
3897
3898
3900
3901
3902
3904
3905
3907
3908
3910
3911
3912
3914
3915
3917
3918
3920
3921
3922
3924
3925
3927
3928
3930
3931
3932
3934
3935
3937
3938
3940
3941
3942
3944
3945
3947
3948
3950
3951
3952
3954
3955
3957
3957
3957
3958
3960
3960
3961
3962
3964
3965
3967
3968
3970
3971
3972
3974
3975
3977
3978
3980
3981
3982
3984
3984
3985
3987
3988
3990
3991
3992
3994
3995
3997
3997
3998
4000
4001
4002
4004
4005
4007
4008
4010
4011
4012
4014
4015
4017
4018
4020
4021
4022
4024
4025
4027
4028
4030
4031
4032
4034
4035
4037
4038
4040
4041
4042
4044
4045
4047
4048
4050
4051
4052
4054
4055
4057
4058
4060
4061
4062
4064
4065
4066
4067
4068
4070
4071
4072
4074
4075
4077
4078
4080
4081
4082
4084
4085
4085
4087
4088
4090
4091
4092
4094
4095
4097
4098
4100
4101
4102
4104
4105
4107
4108
4110
4111
4112
4114
4115
4117
4118
4120
4121
4122
4124
4125
4127
4128
4130
4131
4132
4134
4135
4137
4138
4140
4141
4142
4144
4145
4147
4148
4150
4151
4152
4154
4155
4157
4158
4160
4161
4162
4164
4165
4167
4168
4170
4170
4170
4171
4172
4174
4175
4177
4178
4180
4181
4182
4184
4185
4187
4188
4190
4191
4191
4192
4194
4195
4197
4198
4200
4201
4202
4204
4205
4207
4208
4210
4211
4212
4214
4215
4217
4218
4220
4221
4222
4224
4225
4227
4228
4230
4230
4231
4232
4234
4235
4237
4238
4240
4241
4242
4244
4245
4247
4248
4250
4251
4252
4254
4255
4257
4258
4260
4261
4262
4264
4265
4267
4268
4270
4271
4272
4274
4275
4277
4278
4280
4281
4282
4284
4285
4287
4288
4290
4291
4292
4294
4295
4297
4298
4300
4301
4302
4304
4305
4307
4308
4310
4311
4312
4314
4315
4317
4318
4320
4321
4322
4324
4325
4327
4328
4330
4331
4332
4334
4335
4337
4338
4340
4341
4342
4344
4345
4347
4348
4350
4350
4351
4352
4354
4355
4357
4358
4360
4361
4361
4362
4364
4365
4367
4368
4370
4371
4372
4374
4375
4377
4378
4380
4381
4382
4382
4384
4385
4387
4388
4390
4391
4392
4394
4395
4397
4398
4400
4401
4402
4404
4405
4407
4408
4410
4411
4412
4414
4415
4417
4418
4420
4421
4422
4424
4425
4427
4428
4430
4431
4432
4434
4435
4437
4438
4440
4441
4442
4444
4445
4447
4448
4450
4451
4452
4454
4455
4457
4458
4460
4461
4462
4464
4465
4467
4468
4470
4471
4472
4474
4475
4477
4478
4480
4481
4482
4484
4485
4487
4488
4490
4491
4492
4494
4495
4497
4498
4500
4501
4502
4504
4505
4507
4508
4510
4511
4511
4512
4514
4515
4517
4518
4520
4521
4522
4524
4525
4527
4528
4530
4531
4532
4534
4535
4537
4538
4540
4541
4541
4542
4544
4545
4547
4548
4550
4551
4552
4554
4555
4557
4558
4560
4561
4562
4564
4565
4567
4568
4570
4571
4572
4574
4575
4577
4578
4580
4581
4582
4584
4585
4587
4588
4589
4590
4591
4592
4594
4595
4597
4598
4600
4601
4602
4604
4605
4607
4608
4610
4611
4612
4614
4615
4617
4618
4620
4621
4622
4624
4625
4625
4627
4628
4630
4631
4632
4634
4635
4637
4638
4640
4641
4642
4644
4645
4647
4647
4647
4648
4650
4651
4652
4652
4654
4655
4657
4658
4660
4661
4662
4664
4665
4667
4668
4670
4671
4672
4674
4675
4677
4678
4680
4681
4682
4684
4685
4687
4688
4690
4691
4692
4694
4695
4697
4698
4700
4701
4702
4704
4705
4707
4708
4710
4711
4712
4714
4715
4717
4718
4720
4721
4722
4724
4725
4727
4728
4730
4731
4732
4734
4735
4737
4738
4740
4741
4742
4744
4745
4747
4748
4750
4751
4752
4754
4755
4757
4758
4760
4761
4762
4764
4765
4767
4768
4770
4771
4772
4774
4775
4777
4778
4780
4781
4782
4784
4785
4787
4788
4789
4790
4791
4792
4794
4795
4796
4797
4797
4798
4800
4801
4802
4804
4805
4807
4808
4809
4810
4811
4812
4814
4815
4817
4818
4820
4821
4822
4824
4825
4827
4828
4830
4831
4832
4834
4835
4837
4838
4840
4841
4842
4844
4845
4847
4848
4850
4851
4852
4854
4855
4857
4858
4859
4860
4861
4862
4864
4865
4867
4868
4870
4871
4872
4874
4875
4877
4878
4880
4881
4882
4884
4885
4887
4888
4890
4891
4892
4894
4895
4897
4898
4900
4901
4902
4904
4905
4907
4908
4910
4911
4912
4914
4915
4917
4918
4920
4920
4921
4922
4924
4925
4927
4928
4930
4930
4931
4932
4934
4935
4937
4938
4940
4941
4942
4944
4945
4947
4948
4950
4951
4952
4953
4954
4955
4957
4958
4960
4961
4962
4964
4965
4967
4968
4970
4971
4972
4974
4975
4977
4978
4980
4981
4982
4984
4985
4987
4988
4990
4991
4992
4994
4995
4997
4998
5000
5001
5002
5004
5005
5007
5008
5008
5010
5011
5012
5014
5015
5017
5018
5020
5021
5022
5023
5023
5024
5025
5027
5028
5030
5031
5032
5034
5035
5037
5038
5040
5041
5042
5044
5045
5047
5048
5050
5050
5051
5052
5054
5055
5057
5058
5060
5061
5062
5064
5065
5067
5068
5070
5071
5072
5074
5075
5077
5078
5080
5081
5082
5084
5085
5087
5088
5090
5091
5092
5094
5095
5097
5098
5100
5101
5102
5104
5105
5107
5108
5110
5111
5112
5113
5114
5115
5117
5118
5120
5121
5122
5124
5125
5127
5128
5130
5131
5131
5132
5134
5135
5137
5138
5140
5141
5142
5144
5145
5147
5148
5150
5151
5152
5154
5155
5157
5158
5160
5161
5162
5164
5165
5166
5167
5168
5170
5171
5172
5174
5175
5177
5178
5180
5181
5182
5184
5185
5187
5188
5190
5191
5192
5194
5195
5197
5198
5200
5201
5202
5204
5205
5207
5208
5210
5210
5211
5212
5214
5215
5217
5218
5220
5221
5222
5224
5225
5227
5228
5228
5230
5231
5232
5234
5235
5237
5238
5240
5241
5242
5242
5244
5245
5247
5248
5250
5251
5252
5254
5255
5255
5257
5258
5260
5261
5262
5264
5265
5267
5268
5270
5271
5272
5274
5275
5277
5278
5280
5281
5282
5284
5285
5287
5288
5290
5291
5292
5294
5295
5297
5298
5300
5301
5302
5304
5305
5307
5308
5310
5311
5312
5314
5315
5317
5318
5320
5321
5322
5324
5325
5327
5328
5330
5331
5332
5334
5335
5337
5338
5340
5340
5341
5342
5343
5344
5345
5347
5348
5350
5351
5352
5354
5355
5357
5358
5359
5360
5361
5362
5364
5365
5367
5368
5370
5371
5372
5374
5375
5377
5378
5380
5381
5382
5384
5385
5387
5388
5390
5391
5392
5394
5395
5397
5398
5400
5401
5402
5404
5405
5407
5408
5410
5411
5412
5414
5415
5417
5418
5420
5421
5422
5424
5425
5427
5428
5430
5431
5432
5434
5435
5435
5437
5438
5440
5441
5442
5444
5445
5447
5448
5450
5451
5452
5454
5455
5457
5458
5460
5461
5461
5462
5464
5465
5467
5468
5470
5470
5471
5472
5474
5475
5477
5478
5480
5481
5482
5484
5485
5487
5488
5490
5491
5492
5494
5495
5497
5498
5500
5501
5502
5504
5505
5507
5508
5510
5511
5512
5514
5515
5517
5518
5520
5521
5522
5524
5525
5527
5528
5530
5531
5532
5534
5535
5537
5538
5540
5541
5542
5544
5545
5547
5548
5550
5551
5552
5554
5555
5557
5558
5560
5561
5562
5564
5565
5567
5568
5570
5571
5572
5574
5575
5577
5578
5578
5578
5580
5581
5582
5584
5585
5587
5588
5590
5591
5592
5594
5595
5597
5598
5600
5601
5602
5604
5605
5607
5608
5610
5611
5612
5614
5615
5617
5618
5620
5621
5622
5624
5625
5627
5628
5630
5631
5632
5634
5635
5637
5638
5640
5641
5642
5644
5645
5647
5648
5650
5651
5652
5654
5655
5657
5658
5660
5661
5662
5664
5665
5667
5668
5670
5671
5672
5672
5674
5675
5677
5678
5680
5681
5682
5684
5685
5687
5688
5690
5691
5692
5694
5695
5697
5698
5700
5701
5702
5704
5705
5707
5708
5710
5711
5712
5714
5715
5717
5718
5720
5721
5722
5724
5725
5727
5728
5730
5731
5732
5734
5735
5737
5738
5740
5741
5742
5744
5745
5747
5748
5750
5751
5752
5754
5755
5757
5758
5760
5761
5762
5764
5765
5767
5768
5770
5771
5772
5774
5774
5775
5777
5778
5780
5781
5782
5784
5785
5787
5788
5790
5791
5792
5794
5795
5797
5798
5800
5801
5802
5804
5805
5807
5808
5810
5811
5812
5814
5815
5817
5818
5820
5821
5822
5824
5825
5827
5828
5830
5830
5831
5832
5834
5835
5837
5838
5840
5841
5842
5844
5845
5847
5848
5850
5851
5852
5854
5855
5857
5858
5860
5861
5862
5864
5865
5867
5868
5870
5871
5872
5874
5875
5877
5878
5880
5881
5882
5884
5884
5885
5887
5888
5890
5891
5892
5894
5895
5897
5898
5900
5901
5902
5904
5905
5907
5908
5910
5911
5912
5914
5915
5917
5918
5920
5921
5922
5924
5925
5927
5928
5930
5931
5932
5934
5935
5937
5938
5940
5941
5942
5944
5945
5947
5948
5950
5951
5952
5954
5955
5957
5957
5958
5960
5961
5962
5964
5965
5967
5968
5970
5971
5972
5974
5975
5977
5978
5980
5981
5982
5984
5985
5987
5988
5990
5991
5992
5994
5995
5997
5997
5998
6000
6001
6002
6004
6005
6007
6008
6010
6011
6012
6014
6015
6017
6018
6020
6021
6022
6024
6025
6027
6028
6030
6031
6032
6034
6035
6037
6038
6040
6041
6042
6044
6045
6047
6048
6050
6051
6052
6054
6055
6057
6058
6060
6061
6062
6063
6064
6065
6065
6067
6068
6070
6071
6072
6074
6075
6077
6078
6080
6081
6082
6084
6085
6087
6088
6088
6090
6090
6091
6091
6092
6094
6094
6095
6097
6098
6100
6101
6102
6104
6105
6107
6108
6110
6111
6112
6114
6115
6117
6118
6120
6121
6122
6124
6125
6127
6128
6130
6131
6132
6134
6135
6137
6138
6140
6141
6142
6144
6145
6147
6148
6150
6151
6152
6154
6155
6157
6158
6160
6161
6162
6164
6165
6167
6168
6170
6171
6172
6174
6175
6177
6178
6180
6181
6182
6184
6185
6187
6188
6190
6191
6192
6194
6195
6197
6198
6200
6201
6202
6204
6205
6207
6208
6210
6211
6212
6214
6215
6217
6218
6220
6221
6222
6224
6225
6227
6228
6228
6230
6231
6232
6234
6235
6237
6238
6240
6241
6242
6244
6245
6247
6248
6250
6251
6252
6254
6255
6257
6258
6260
6261
6262
6264
6265
6267
6268
6270
6271
6272
6274
6275
6277
6278
6279
6280
6281
6282
6284
6285
6287
6288
6290
6291
6292
6294
6295
6297
6298
6300
6301
6302
6304
6305
6307
6308
6310
6311
6312
6314
6315
6317
6318
6320
6321
6321
6322
6324
6325
6327
6328
6330
6331
6332
6334
6335
6337
6338
6340
6341
6342
6344
6345
6347
6348
6349
6350
6351
6352
6354
6355
6357
6358
6360
6361
6362
6364
6365
6367
6368
6370
6371
6372
6374
6375
6377
6378
6380
6381
6382
6384
6385
6386
6387
6388
6390
6391
6392
6394
6395
6397
6398
6399
6400
6401
6402
6404
6405
6407
6408
6410
6411
6412
6414
6415
6417
6418
6420
6421
6422
6424
6425
6427
6428
6430
6431
6432
6434
6435
6437
6438
6440
6441
6442
6444
6444
6445
6447
6448
6450
6450
6451
6452
6454
6455
6457
6458
6460
6461
6461
6462
6464
6465
6467
6468
6470
6471
6472
6474
6475
6477
6478
6480
6481
6482
6484
6485
6487
6488
6490
6491
6492
6494
6495
6497
6498
6500
6501
6502
6504
6505
6507
6508
6510
6511
6512
6514
6515
6517
6518
6520
6521
6522
6523
6524
6525
6527
6528
6530
6531
6532
6534
6535
6537
6538
6540
6541
6542
6544
6545
6547
6548
6550
6551
6552
6554
6555
6557
6558
6560
6561
6562
6564
6565
6567
6568
6570
6571
6572
6574
6575
6577
6577
6578
6580
6581
6582
6584
6585
6587
6588
6590
6591
6592
6594
6595
6597
6598
6600
6601
6602
6603
6604
6605
6607
6608
6610
6611
6612
6614
6615
6616
6617
6618
6620
6621
6622
6624
6625
6627
6628
6630
6631
6632
6634
6635
6637
6638
6640
6641
6642
6644
6645
6647
6648
6650
6651
6652
6654
6655
6657
6658
6660
6661
6662
6663
6664
6665
6667
6668
6670
6671
6672
6674
6675
6677
6678
6680
6681
6682
6684
6685
6687
6688
6690
6691
6692
6694
6695
6697
6698
6700
6701
6702
6704
6705
6707
6708
6710
6711
6712
6714
6715
6716
6717
6718
6720
6721
6722
6724
6725
6727
6728
6730
6731
6732
6734
6735
6737
6738
6740
6741
6742
6744
6745
6747
6748
6750
6751
6752
6754
6755
6757
6758
6760
6761
6762
6764
6765
6767
6768
6770
6771
6771
6772
6774
6775
6777
6778
6778
6780
6781
6782
6784
6785
6787
6788
6790
6791
6792
6792
6794
6795
6797
6798
6800
6801
6802
6804
6805
6807
6808
6810
6811
6812
6814
6815
6817
6818
6820
6821
6822
6824
6825
6827
6828
6830
6831
6832
6834
6835
6837
6838
6840
6841
6842
6844
6845
6847
6848
6850
6851
6852
6852
6854
6855
6857
6858
6860
6861
6862
6862
6864
6865
6867
6868
6868
6870
6871
6872
6874
6875
6877
6878
6880
6881
6882
6884
6885
6887
6888
6890
6891
6892
6894
6895
6897
6898
6900
6901
6902
6904
6905
6907
6908
6910
6911
6912
6914
6915
6915
6917
6918
6920
6921
6922
6924
6925
6927
6928
6930
6931
6932
6932
6934
6935
6937
6938
6940
6941
6942
6944
6945
6947
6948
6950
6951
6952
6954
6955
6957
6958
6960
6961
6962
6964
6965
6967
6968
6970
6971
6972
6974
6975
6977
6978
6980
6981
6982
6984
6985
6987
6988
6990
6991
6992
6994
6995
6997
6998
7000
7001
7002
7004
7005
7007
7008
7010
7011
7012
7013
7014
7015
7017
7018
7020
7021
7022
7024
7025
7027
7028
7030
7031
7032
7034
7035
7037
7038
7040
7041
7042
7044
7045
7047
7048
7050
7051
7052
7054
7055
7057
7058
7060
7061
7062
7064
7065
7067
7068
7070
7071
7072
7074
7075
7077
7078
7080
7081
7082
7084
7085
7087
7088
7090
7091
7092
7094
7095
7095
7097
7098
7100
7101
7102
7102
7104
7105
7105
7107
7108
7110
7111
7112
7114
7115
7117
7118
7120
7121
7122
7124
7125
7127
7128
7130
7131
7132
7134
7135
7137
7138
7140
7141
7142
7144
7145
7147
7148
7150
7151
7152
7154
7155
7157
7158
7160
7161
7162
7164
7165
7167
7168
7168
7170
7171
7172
7174
7175
7177
7178
7180
7181
7182
7184
7185
7187
7188
7190
7191
7192
7194
7195
7197
7198
7200
7201
7202
7204
7205
7207
7208
7210
7211
7212
7214
7215
7217
7218
7220
7221
7222
7224
7225
7227
7228
7230
7231
7232
7234
7235
7237
7238
7240
7241
7242
7244
7245
7247
7248
7250
7250
7251
7252
7253
7254
7255
7256
7257
7258
7260
7260
7261
7261
7262
7264
7265
7267
7268
7270
7271
7272
7274
7275
7277
7278
7280
7281
7282
7284
7285
7287
7288
7290
7291
7292
7294
7295
7297
7298
7300
7301
7302
7304
7305
7307
7308
7310
7311
7312
7314
7315
7317
7317
7318
7320
7321
7322
7324
7325
7327
7328
7330
7331
7332
7334
7335
7337
7338
7340
7341
7342
7344
7345
7347
7348
7350
7351
7352
7354
7355
7357
7358
7360
7361
7362
7364
7365
7365
7367
7368
7370
7371
7372
7374
7375
7377
7378
7380
7380
7381
7382
7384
7385
7387
7387
7388
7390
7391
7392
7394
7395
7397
7398
7400
7401
7402
7404
7405
7407
7408
7410
7411
7412
7414
7415
7417
7418
7420
7421
7422
7424
7425
7427
7428
7430
7431
7432
7434
7435
7437
7438
7440
7441
7442
7444
7445
7447
7448
7450
7451
7452
7454
7455
7457
7458
7460
7461
7462
7464
7465
7467
7468
7470
7470
7471
7472
7474
7475
7477
7478
7480
7481
7482
7484
7485
7487
7487
7488
7490
7491
7492
7494
7495
7497
7498
7500
7501
7502
7504
7505
7505
7507
7508
7510
7511
7512
7514
7515
7517
7518
7520
7521
7522
7522
7524
7525
7527
7528
7530
7531
7532
7534
7535
7537
7538
7540
7541
7542
7544
7545
7547
7548
7550
7551
7552
7554
7555
7555
7557
7558
7560
7561
7562
7564
7565
7567
7568
7570
7571
7572
7574
7575
7577
7578
7580
7581
7582
7584
7585
7587
7588
7590
7591
7592
7594
7595
7597
7598
7598
7600
7601
7601
7602
7604
7605
7607
7608
7610
7611
7612
7614
7615
7617
7618
7619
7620
7621
7622
7624
7625
7627
7628
7630
7631
7632
7634
7635
7637
7638
7640
7641
7642
7644
7645
7647
7648
7650
7651
7652
7654
7655
7657
7658
7660
7661
7662
7664
7665
7667
7668
7668
7670
7670
7671
7672
7674
7675
7677
7678
7680
7681
7681
7682
7684
7685
7687
7688
7690
7691
7692
7694
7695
7697
7698
7698
7700
7701
7702
7704
7705
7707
7708
7710
7711
7712
7714
7715
7717
7718
7720
7721
7722
7724
7725
7727
7728
7730
7731
7732
7734
7735
7737
7737
7738
7740
7741
7742
7744
7745
7747
7748
7750
7751
7752
7754
7755
7757
7758
7760
7761
7762
7764
7765
7765
7767
7768
7770
7771
7772
7772
7774
7775
7777
7778
7780
7780
7781
7782
7784
7785
7785
7787
7788
7790
7791
7792
7793
7794
7795
7797
7798
7800
7801
7802
7804
7805
7806
7807
7808
7810
7811
7812
7814
7815
7817
7818
7820
7821
7822
7824
7825
7827
7828
7830
7831
7832
7834
7835
7837
7838
7840
7841
7842
7844
7845
7847
7848
7850
7851
7851
7852
7854
7855
7857
7858
7860
7861
7861
7862
7864
7865
7867
7868
7870
7871
7871
7872
7873
7874
7875
7877
7878
7880
7881
7882
7884
7885
7886
7887
7888
7890
7891
7892
7894
7895
7897
7898
7900
7901
7902
7904
7905
7906
7907
7908
7910
7911
7912
7914
7915
7917
7918
7920
7921
7922
7924
7925
7927
7928
7930
7931
7932
7934
7935
7937
7938
7940
7941
7942
7944
7945
7947
7948
7950
7951
7952
7954
7955
7957
7958
7960
7961
7962
7964
7965
7967
7968
7970
7971
7972
7974
7975
7977
7978
7980
7981
7982
7984
7985
7987
7988
7990
7991
7992
7994
7995
7997
7998
8000
8001
8002
8004
8005
8007
8008
8010
8011
8012
8014
8015
8017
8018
8020
8021
8022
8024
8025
8027
8028
8030
8031
8032
8034
8035
8037
8038
8040
8041
8042
8044
8045
8047
8048
8050
8051
8052
8054
8055
8057
8058
8060
8061
8062
8064
8065
8067
8068
8070
8071
8072
8074
8075
8077
8078
8080
8081
8082
8084
8085
8087
8088
8090
8091
8092
8094
8095
8096
8097
8098
8100
8101
8102
8104
8105
8107
8108
8110
8111
8112
8114
8115
8117
8118
8120
8121
8122
8124
8125
8127
8128
8130
8131
8132
8134
8135
8137
8138
8140
8141
8142
8144
8145
8147
8148
8150
8151
8152
8154
8155
8157
8158
8160
8161
8162
8164
8165
8167
8168
8170
8171
8172
8174
8174
8175
8177
8178
8180
8181
8182
8184
8185
8187
8188
8190
8191
8192
8194
8195
8197
8198
8200
8201
8202
8204
8205
8207
8208
8210
8211
8212
8214
8215
8217
8218
8219
8220
8221
8222
8224
8225
8227
8228
8230
8231
8232
8234
8235
8237
8238
8240
8241
8242
8244
8245
8247
8247
8248
8250
8251
8252
8254
8255
8257
8258
8260
8261
8262
8264
8265
8267
8268
8270
8271
8272
8274
8275
8277
8278
8280
8281
8282
8282
8284
8285
8287
8288
8290
8291
8292
8294
8295
8297
8298
8300
8301
8302
8304
8305
8307
8308
8310
8311
8312
8314
8315
8317
8318
8320
8321
8322
8324
8325
8327
8327
8328
8330
8331
8332
8334
8335
8337
8338
8340
8341
8342
8344
8345
8347
8348
8350
8351
8352
8354
8355
8356
8357
8358
8360
8361
8362
8364
8365
8367
8368
8370
8371
8372
8374
8375
8377
8378
8380
8381
8382
8384
8385
8387
8388
8390
8391
8392
8394
8395
8397
8398
8400
8401
8402
8404
8405
8407
8408
8410
8411
8412
8414
8414
8415
8417
8418
8418
8420
8421
8422
8424
8425
8427
8428
8428
8430
8431
8432
8434
8435
8437
8438
8440
8441
8442
8444
8445
8447
8448
8450
8450
8451
8452
8454
8455
8457
8458
8460
8460
8461
8462
8464
8465
8467
8468
8470
8471
8472
8474
8474
8475
8477
8478
8480
8481
8482
8484
8485
8487
8488
8490
8490
8491
8492
8494
8495
8497
8498
8500
8501
8502
8504
8505
8507
8508
8510
8511
8512
8514
8515
8517
8518
8520
8521
8522
8524
8525
8527
8528
8530
8531
8532
8534
8535
8537
8538
8540
8541
8542
8544
8545
8547
8548
8550
8551
8552
8554
8555
8555
8557
8558
8560
8561
8562
8564
8565
8567
8568
8570
8571
8572
8574
8575
8577
8578
8580
8581
8582
8584
8585
8587
8588
8590
8591
8592
8594
8595
8597
8598
8600
8601
8602
8604
8605
8607
8608
8610
8611
8612
8614
8615
8617
8618
8620
8621
8622
8624
8625
8627
8628
8630
8631
8632
8634
8635
8637
8638
8640
8641
8642
8644
8645
8647
8648
8650
8651
8652
8654
8655
8657
8658
8660
8661
8662
8664
8665
8667
8668
8670
8671
8672
8674
8675
8677
8678
8680
8681
8682
8684
8685
8687
8688
8690
8691
8692
8694
8695
8697
8698
8700
8701
8702
8704
8705
8707
8708
8710
8711
8712
8714
8715
8717
8718
8720
8721
8722
8724
8725
8727
8728
8730
8731
8732
8733
8734
8735
8737
8738
8740
8741
8742
8744
8745
8747
8748
8750
8751
8752
8754
8754
8755
8757
8758
8760
8761
8762
8762
8764
8765
8767
8768
8770
8771
8772
8774
8775
8777
8778
8780
8781
8782
8784
8785
8787
8788
8790
8791
8792
8794
8795
8797
8798
8800
8801
8802
8804
8805
8807
8808
8810
8811
8812
8814
8815
8817
8818
8820
8821
8822
8824
8825
8827
8828
8830
8831
8832
8834
8835
8837
8838
8840
8841
8842
8844
8845
8847
8848
8850
8851
8852
8854
8855
8857
8858
8860
8861
8862
8864
8865
8867
8868
8870
8871
8872
8874
8875
8877
8878
8880
8881
8882
8884
8885
8887
8888
8890
8891
8892
8894
8894
8895
8897
8898
8900
8901
8902
8904
8905
8907
8908
8910
8911
8912
8914
8915
8917
8918
8920
8921
8922
8924
8925
8927
8928
8930
8931
8932
8934
8935
8937
8938
8940
8941
8942
8944
8945
8947
8948
8950
8951
8952
8954
8955
8957
8958
8960
8961
8962
8963
8964
8965
8967
8967
8968
8970
8971
8972
8974
8975
8977
8978
8980
8981
8982
8984
8985
8987
8988
8990
8991
8992
8994
8995
8997
8998
9000
9001
9002
9004
9005
9006
9007
9008
9010
9010
9011
9012
9014
9015
9017
9018
9020
9021
9022
9024
9025
9027
9028
9030
9031
9032
9034
9035
9037
9038
9040
9041
9042
9044
9045
9047
9048
9050
9051
9052
9054
9055
9057
9058
9060
9061
9062
9064
9065
9067
9068
9070
9071
9072
9074
9075
9077
9078
9080
9081
9082
9084
9085
9087
9088
9090
9091
9092
9094
9095
9097
9098
9100
9101
9102
9104
9105
9107
9108
9110
9111
9112
9114
9115
9117
9118
9120
9121
9122
9124
9125
9127
9128
9130
9130
9131
9132
9134
9135
9137
9138
9140
9141
9142
9144
9145
9147
9148
9150
9151
9152
9152
9154
9155
9157
9158
9160
9161
9162
9164
9165
9167
9168
9170
9171
9172
9174
9175
9177
9178
9180
9181
9182
9184
9185
9187
9188
9188
9190
9191
9192
9194
9195
9196
9197
9198
9200
9201
9202
9204
9205
9207
9208
9210
9211
9212
9214
9215
9217
9218
9220
9221
9222
9224
9225
9227
9228
9230
9231
9232
9234
9235
9237
9238
9240
9241
9242
9242
9244
9245
9247
9248
9250
9251
9252
9254
9255
9257
9258
9260
9261
9262
9264
9265
9267
9268
9270
9271
9272
9274
9275
9277
9278
9280
9281
9282
9284
9285
9285
9287
9288
9290
9291
9292
9294
9295
9297
9298
9300
9301
9302
9304
9305
9307
9308
9310
9311
9312
9314
9315
9317
9318
9320
9321
9322
9324
9325
9327
9328
9330
9331
9332
9334
9335
9337
9338
9340
9341
9342
9344
9345
9347
9348
9350
9351
9352
9354
9355
9357
9358
9360
9361
9362
9364
9365
9367
9368
9370
9371
9372
9374
9375
9377
9378
9380
9381
9382
9384
9385
9387
9388
9390
9391
9392
9394
9395
9395
9397
9398
9400
9401
9402
9404
9405
9407
9408
9410
9411
9412
9412
9414
9415
9415
9417
9418
9420
9421
9422
9424
9425
9427
9428
9430
9431
9432
9434
9435
9437
9438
9440
9440
9441
9442
9444
9445
9447
9448
9450
9451
9452
9454
9455
9457
9458
9460
9460
9461
9462
9464
9465
9467
9468
9470
9471
9472
9474
9475
9477
9478
9480
9481
9482
9484
9485
9487
9488
9490
9491
9492
9494
9495
9497
9498
9500
9501
9502
9504
9505
9507
9508
9510
9511
9512
9514
9515
9517
9518
9520
9521
9522
9524
9525
9527
9528
9530
9531
9532
9534
9535
9537
9538
9540
9541
9542
9544
9545
9547
9548
9550
9551
9552
9554
9554
9555
9557
9558
9560
9561
9562
9564
9565
9567
9568
9570
9571
9572
9574
9575
9576
9577
9578
9580
9581
9582
9584
9585
9587
9588
9590
9591
9592
9594
9595
9597
9598
9600
9601
9602
9604
9605
9607
9608
9610
9611
9612
9614
9615
9615
9617
9618
9620
9621
9622
9624
9625
9627
9628
9630
9631
9632
9634
9635
9637
9638
9640
9641
9642
9644
9645
9647
9648
9650
9651
9652
9654
9655
9657
9658
9660
9661
9662
9664
9665
9667
9668
9670
9671
9672
9674
9675
9677
9678
9680
9681
9682
9684
9685
9687
9688
9690
9691
9692
9694
9695
9697
9698
9700
9701
9702
9704
9705
9707
9708
9710
9711
9712
9714
9715
9717
9718
9720
9721
9722
9724
9725
9727
9728
9730
9731
9732
9734
9735
9737
9738
9740
9741
9742
9744
9745
9747
9748
9750
9751
9752
9754
9755
9757
9758
9760
9761
9762
9764
9765
9765
9767
9768
9770
9771
9772
9774
9775
9775
9777
9778
9780
9781
9782
9784
9785
9787
9788
9789
9790
9791
9792
9794
9795
9795
9797
9798
9800
9801
9802
9804
9805
9807
9808
9810
9811
9812
9814
9815
9817
9818
9820
9821
9821
9822
9824
9825
9827
9828
9830
9831
9832
9834
9835
9837
9838
9840
9841
9841
9842
9844
9845
9847
9848
9850
9851
9852
9854
9855
9857
9858
9860
9861
9862
9864
9865
9867
9868
9870
9871
9872
9874
9875
9877
9878
9880
9881
9881
9882
9884
9885
9887
9888
9890
9891
9892
9894
9895
9897
9898
9900
9901
9902
9904
9905
9907
9908
9910
9911
9912
9914
9915
9915
9917
9918
9920
9921
9922
9924
9925
9926
9927
9928
9930
9931
9932
9932
9934
9935
9937
9938
9940
9941
9942
9944
9945
9947
9948
9950
9951
9952
9954
9955
9957
9958
9960
9961
9962
9964
9965
9967
9968
9968
9970
9970
9971
9972
9974
9975
9977
9978
9980
9981
9982
9984
9985
9987
9988
9990
9991
9992
9994
9994
9995
9997
9998
10038
10069
10084
10120
10138
10142
10179
10215
10218
10251
10336
10377
10381
10407
10423
10503
10519
10554
10575
10626
10702
10702
10762
10841
10881
10890
10902
10915
10931
10960
11040
11103
11104
11132
11161
11170
11190
11460
11507
11631
11654
11750
11820
11842
11853
11876
11947
11972
11995
12014
12039
12076
12134
12183
12211
12252
12279
12281
12312
12315
12343
12369
12389
12390
12399
12470
12502
12521
12523
12598
12600
12603
12609
12610
12639
12695
12756
12757
12760
12761
12791
12827
12838
12873
13031
13051
13065
13121
13169
13212
13248
13265
13271
13275
13281
13336
13396
13437
13452
13477
13489
13554
13563
13573
13611
13642
13736
13775
13807
13810
13842
13887
13897
13943
13978
13994
14015
14016
14101
14108
14217
14256
14267
14288
14298
14305
14331
14368
14393
14413
14413
14442
14450
14451
14474
14509
14555
14597
14646
14664
14737
14746
14750
14795
14844
14846
14883
14885
14896
14906
14921
14928
14930
14934
14935
15031
15042
15166
15182
15206
15217
15233
15298
15302
15476
15486
15551
15565
15574
15579
15585
15639
15731
15744
15752
15855
15860
15868
15902
15910
15945
15981
16040
16063
16074
16143
16200
16213
16254
16296
16306
16312
16352
16370
16467
16504
16508
16522
16554
16564
16625
16661
16717
16718
16727
16732
16769
16834
16879
16890
16919
16938
16974
17022
17047
17055
17074
17088
17111
17122
17144
17146
17175
17239
17252
17277
17280
17373
17393
17408
17465
17469
17497
17517
17526
17529
17551
17627
17636
17649
17681
17702
17718
17787
17799
17813
17823
17855
17989
18008
18034
18039
18053
18104
18104
18129
18180
18196
18219
18247
18331
18339
18368
18376
18474
18514
18531
18537
18575
18622
18655
18723
18860
18870
18876
18899
18951
18972
19048
19074
19103
19148
19155
19172
19209
19213
19223
19256
19281
19283
19340
19365
19378
19422
19467
19486
19486
19495
19535
19564
19580
19583
19627
19649
19667
19681
19714
19752
19756
19757
19764
19764
19789
19826
19836
19838
19845
19860
19864
19874
19924
19952
19973
19988
20048
20063
20067
20153
20248
20304
20308
20317
20372
20381
20389
20391
20397
20399
20427
20444
20466
20473
20497
20504
20522
20522
20624
20646
20702
20738
20778
20803
20817
20859
20881
20906
20995
21037
21196
21398
21426
21431
21483
21497
21505
21508
21549
21551
21630
21647
21705
21713
21716
21853
22020
22069
22077
22120
22149
22181
22239
22242
22318
22384
22439
22439
22513
22546
22566
22612
22616
22663
22691
22793
22794
22828
22898
22916
22925
22970
22990
22990
23007
23007
23012
23032
23105
23109
23130
23170
23205
23224
23253
23260
23270
23277
23328
23336
23358
23550
23617
23644
23649
23654
23706
23791
23842
23846
23944
23946
23972
24018
24081
24154
24183
24196
24202
24233
24239
24240
24260
24331
24378
24432
24436
24459
24485
24511
24517
24525
24549
24551
24607
24667
24763
24773
24814
24827
24847
24878
25025
25073
25088
25104
25133
25158
25171
25195
25198
25227
25243
25269
25342
25410
25464
25484
25492
25503
25529
25570
25588
25605
25609
25641
25795
25804
25823
25857
25875
25886
25948
25972
25972
25978
25982
26066
26087
26096
26099
26107
26116
26119
26142
26166
26167
26226
26277
26279
26342
26357
26387
26401
26401
26430
26445
26466
26541
26547
26578
26587
26604
26709
26730
26749
26825
26848
26854
26891
26895
26970
26994
27002
27052
27055
27078
27105
27156
27173
27177
27177
27208
27350
27359
27387
27388
27397
27429
27464
27484
27499
27500
27584
27641
27659
27659
27722
27737
27759
27782
27854
27913
27942
27981
28057
28130
28164
28166
28181
28205
28207
28212
28223
28295
28316
28317
28354
28421
28422
28518
28551
28574
28626
28760
28761
28763
28771
28838
28878
28897
28911
28982
28987
28990
29115
29137
29140
29186
29227
29228
29236
29269
29303
29344
29349
29428
29504
29518
29518
29530
29559
29609
29672
29676
29738
29763
29783
29805
29843
29879
29945
29954
29962
29978
30036
30059
30074
30083
30086
30086
30089
30096
30231
30244
30253
30276
30338
30340
30360
30518
30533
30579
30598
30616
30619
30621
30735
30751
30791
30792
30803
30890
30932
30975
30976
31112
31292
31336
31360
31390
31410
31431
31449
31457
31481
31483
31502
31565
31583
31621
31645
31651
31653
31687
31704
31704
31722
31737
31753
31817
31844
31882
31991
32156
32194
32303
32340
32345
32359
32361
32367
32417
32417
32433
32461
32501
32640
32704
32759
32776
32782
32788
32791
32832
32854
32883
32962
33039
33112
33146
33195
33204
33206
33215
33223
33399
33462
33579
33615
33637
33787
33842
33849
33856
33860
33875
33883
33968
34108
34160
34162
34162
34163
34193
34204
34231
34280
34356
34395
34402
34424
34448
34457
34473
34552
34576
34636
34661
34695
34706
34722
34755
34782
34815
34818
34855
34875
34880
34883
34905
34910
34924
34940
34957
34967
35109
35160
35236
35251
35253
35264
35277
35366
35439
35453
35498
35550
35553
35559
35650
35652
35664
35673
35833
35939
35970
36007
36023
36121
36208
36265
36288
36336
36337
36418
36424
36425
36482
36490
36592
36593
36630
36672
36698
36759
36761
36776
36816
36819
36887
36895
36916
37007
37075
37139
37165
37215
37242
37264
37295
37300
37313
37360
37379
37384
37399
37467
37472
37494
37626
37646
37716
37744
37847
37914
38019
38058
38108
38114
38148
38169
38180
38185
38187
38203
38212
38251
38261
38330
38361
38428
38445
38468
38490
38529
38533
38604
38622
38639
38654
38703
38707
38725
38795
38798
38863
38883
38892
38911
39014
39018
39075
39114
39137
39165
39177
39210
39259
39276
39312
39452
39463
39492
39520
39524
39539
39610
39768
39817
39859
39884
39991
40000
40004
40014
40064
40094
40104
40115
40181
40317
40355
40396
40425
40464
40479
40501
40514
40593
40634
40647
40683
40755
40772
40806
40902
40930
40939
41054
41075
41138
41158
41204
41325
41346
41395
41424
41452
41480
41530
41544
41632
41639
41642
41661
41703
41738
41740
41796
41864
41970
42026
42028
42059
42060
42068
42079
42100
42127
42136
42202
42293
42295
42346
42349
42387
42408
42434
42442
42518
42533
42556
42562
42573
42578
42581
42595
42623
42634
42638
42720
42827
42858
43019
43053
43063
43064
43106
43135
43140
43147
43218
43226
43259
43275
43301
43307
43318
43331
43344
43346
43354
43368
43402
43456
43466
43468
43480
43497
43561
43588
43591
43595
43614
43646
43678
43686
43693
43734
43774
43789
43875
43922
44039
44043
44138
44179
44188
44200
44207
44218
44321
44337
44348
44372
44373
44382
44386
44395
44406
44424
44429
44537
44655
44674
44687
44711
44810
44887
44889
44938
44954
45008
45027
45041
45071
45077
45161
45211
45260
45271
45294
45315
45340
45349
45369
45390
45408
45433
45460
45519
45643
45662
45735
45757
45779
45780
45803
45894
46002
46010
46123
46125
46172
46229
46250
46265
46347
46430
46565
46573
46594
46671
46730
46768
46770
46778
46822
46840
46939
46946
46974
47009
47014
47058
47105
47122
47149
47181
47182
47256
47293
47352
47393
47416
47459
47517
47552
47658
47659
47670
47675
47687
47730
47780
47820
47840
47888
47901
47929
47933
48097
48112
48115
48219
48228
48251
48299
48330
48373
48379
48381
48396
48404
48448
48503
48518
48524
48528
48537
48548
48586
48599
48672
48673
48676
48694
48706
48718
48722
48763
48781
48843
48867
48887
48907
48937
48979
48982
49014
49026
49036
49045
49093
49167
49216
49238
49353
49386
49389
49403
49441
49456
49472
49519
49547
49581
49594
49716
49723
49745
49764
49767
49845
49855
49884
49978
50055
50113
50135
50174
50176
50179
50194
50203
50205
50207
50217
50268
50304
50340
50359
50385
50407
50408
50411
50462
50497
50533
50558
50587
50616
50616
50625
50626
50663
50725
50765
50794
50837
50893
50907
50917
50920
50933
50971
51007
51025
51031
51043
51052
51065
51065
51115
51136
51196
51226
51255
51269
51317
51331
51331
51374
51432
51445
51457
51486
51493
51521
51535
51539
51560
51615
51631
51635
51638
51682
51737
51737
51787
51791
51857
51899
51961
51962
51971
52018
52029
52074
52074
52128
52153
52156
52246
52314
52346
52385
52417
52462
52494
52503
52568
52586
52628
52652
52675
52683
52694
52757
52768
52786
52801
52843
52966
52983
52995
53042
53057
53072
53126
53249
53268
53281
53300
53301
53310
53346
53365
53398
53449
53493
53514
53536
53572
53619
53627
53702
53729
53740
53761
53765
53768
53852
54046
54154
54189
54218
54262
54302
54307
54313
54344
54355
54406
54445
54590
54650
54688
54692
54714
54732
54754
54878
54901
54918
54944
55024
55066
55102
55110
55133
55142
55150
55185
55188
55214
55387
55414
55424
55426
55463
55521
55586
55628
55656
55661
55668
55710
55735
55748
55780
55838
55856
55873
55909
55924
55934
56002
56049
56106
56115
56136
56143
56190
56215
56225
56251
56293
56314
56349
56368
56407
56420
56430
56466
56473
56501
56510
56546
56546
56555
56568
56589
56613
56616
56627
56709
56756
56785
56794
56811
56828
56911
56925
56937
56952
56979
56994
57009
57042
57047
57048
57082
57124
57161
57164
57182
57200
57244
57264
57275
57335
57399
57456
57478
57488
57531
57538
57585
57627
57628
57629
57635
57636
57648
57661
57664
57665
57682
57682
57755
57756
57769
57800
57972
57984
58027
58075
58076
58102
58103
58106
58117
58122
58130
58141
58182
58188
58235
58236
58240
58266
58266
58274
58319
58337
58343
58349
58349
58459
58462
58493
58563
58564
58595
58607
58652
58712
58722
58813
58824
58824
58838
58852
58914
58958
58994
59059
59083
59103
59106
59178
59212
59216
59225
59238
59276
59279
59358
59494
59497
59546
59572
59578
59658
59710
59711
59804
59825
59852
59862
59876
59877
59902
59927
60009
60022
60039
60051
60107
60150
60173
60203
60268
60332
60343
60354
60358
60372
60407
60461
60478
60507
60514
60530
60532
60546
60561
60583
60614
60658
60667
60698
60726
60791
60794
60900
60903
60904
60909
60968
61131
61155
61223
61249
61299
61308
61337
61389
61416
61421
61423
61455
61467
61505
61574
61591
61609
61637
61662
61801
61814
61825
61828
61909
61912
61933
61977
61979
61996
62003
62026
62032
62033
62038
62040
62073
62136
62285
62310
62313
62325
62351
62384
62444
62517
62544
62635
62637
62649
62718
62734
62785
62812
62871
62910
62911
62916
62938
62966
62968
63028
63049
63110
63153
63235
63349
63381
63419
63459
63496
63558
63598
63620
63657
63658
63690
63716
63754
63899
63902
63916
63937
64089
64177
64191
64210
64269
64279
64313
64393
64411
64428
64444
64533
64547
64574
64637
64644
64720
64802
64830
64972
64983
65012
65015
65138
65180
65197
65225
65226
65236
65265
65318
65355
65358
65415
65429
65453
65462
65472
65525
65561
65586
65637
65637
65645
65671
65675
65796
65837
65849
65852
65862
65992
66001
66064
66096
66107
66124
66135
66169
66195
66257
66345
66383
66385
66443
66476
66613
66614
66645
66672
66738
66747
66787
66791
66792
66877
66889
66910
66919
66927
66989
67043
67061
67061
67074
67093
67114
67114
67164
67168
67182
67220
67269
67275
67277
67334
67350
67365
67393
67394
67409
67417
67483
67530
67538
67567
67601
67610
67748
67764
67779
67792
67862
67980
67987
68123
68167
68200
68252
68253
68270
68346
68367
68443
68461
68506
68585
68590
68592
68595
68606
68610
68625
68635
68661
68687
68692
68695
68786
68800
68823
68825
68888
68927
68931
68948
69012
69036
69066
69091
69093
69160
69181
69236
69249
69267
69294
69310
69321
69331
69343
69349
69367
69379
69486
69608
69611
69655
69655
69677
69687
69727
69756
69774
69819
69860
69890
69949
69960
69962
69964
69981
70020
70036
70103
70119
70175
70284
70339
70376
70399
70438
70455
70464
70471
70477
70542
70570
70594
70606
70620
70631
70660
70757
70811
70839
70853
70871
70879
70886
70906
70914
70956
70961
70971
71012
71038
71055
71081
71127
71222
71229
71264
71314
71350
71352
71360
71385
71385
71392
71458
71500
71504
71513
71521
71556
71575
71593
71601
71612
71632
71665
71759
71810
71813
71838
71886
71909
71967
71982
72024
72066
72111
72129
72135
72252
72269
72270
72338
72409
72426
72496
72552
72613
72695
72735
72743
72750
72756
72783
72816
72845
72894
72948
73101
73114
73135
73164
73166
73225
73251
73266
73298
73326
73329
73361
73368
73407
73510
73516
73603
73616
73648
73687
73702
73710
73797
73825
73872
73891
73894
73932
73959
74023
74064
74082
74100
74172
74204
74222
74285
74357
74393
74428
74467
74470
74512
74519
74520
74538
74541
74626
74656
74671
74789
74797
74806
74811
74861
74943
74953
74988
75025
75182
75241
75290
75334
75358
75387
75397
75430
75469
75511
75519
75539
75591
75606
75612
75627
75652
75681
75717
75791
75820
75829
75840
75869
75944
75983
76006
76031
76045
76071
76162
76227
76229
76240
76271
76410
76446
76479
76484
76573
76579
76630
76672
76761
76768
76787
76802
76847
76874
76939
76966
77019
77073
77196
77235
77332
77405
77428
77433
77452
77470
77492
77530
77549
77583
77642
77685
77712
77768
77779
77800
77897
77900
77902
77968
78054
78066
78071
78093
78099
78122
78129
78145
78189
78234
78270
78306
78371
78372
78417
78424
78451
78452
78459
78518
78524
78550
78558
78575
78582
78592
78600
78621
78624
78647
78650
78652
78821
78893
78938
78939
78967
78989
78999
79003
79014
79044
79098
79142
79149
79247
79249
79275
79320
79523
79533
79642
79648
79651
79653
79681
79689
79715
79801
79941
79947
79955
80049
80204
80232
80253
80267
80313
80316
80331
80331
80435
80468
80478
80480
80607
80607
80640
80673
80691
80746
80765
80791
80805
80841
80847
80927
80965
80990
81035
81078
81133
81142
81159
81252
81287
81323
81327
81337
81369
81452
81456
81494
81558
81580
81586
81647
81708
81763
81807
81818
81834
81890
81915
81964
81984
82000
82175
82212
82239
82304
82339
82344
82347
82382
82390
82403
82403
82418
82444
82446
82476
82531
82571
82592
82612
82638
82713
82715
82771
82774
82792
82795
82815
82828
82830
82848
82850
82858
82897
82926
83005
83023
83036
83063
83080
83134
83157
83163
83171
83173
83219
83220
83245
83266
83308
83365
83440
83503
83539
83592
83595
83700
83701
83706
83721
83736
83754
83831
83843
83930
83957
83975
83989
84059
84072
84077
84083
84101
84153
84164
84176
84270
84286
84294
84320
84352
84352
84412
84476
84485
84502
84504
84512
84550
84744
84767
84770
84771
84790
84801
84832
84924
84942
84947
84960
84966
84999
85010
85039
85080
85081
85106
85110
85145
85164
85201
85213
85226
85235
85238
85259
85353
85383
85394
85395
85456
85661
85662
85755
85757
85769
85790
85799
85802
85804
85833
85915
85933
86021
86024
86051
86066
86124
86143
86144
86213
86279
86280
86299
86344
86380
86399
86402
86467
86479
86484
86485
86490
86525
86572
86581
86602
86657
86661
86681
86682
86685
86759
86772
86774
86779
86799
86805
86827
86836
86843
86856
86874
86911
86919
86941
87025
87025
87221
87291
87379
87403
87453
87464
87480
87523
87544
87635
87640
87650
87663
87704
87737
87753
87770
87785
87809
87868
87891
87976
88007
88019
88074
88099
88196
88247
88254
88254
88342
88385
88389
88420
88439
88451
88457
88508
88515
88547
88547
88611
88621
88660
88680
88686
88713
88723
88761
88798
88860
88888
88898
88993
89012
89055
89067
89074
89088
89098
89115
89151
89181
89282
89310
89336
89385
89392
89400
89433
89436
89534
89566
89589
89653
89734
89784
89810
89823
89844
89853
89870
89881
89942
89963
90004
90016
90017
90096
90224
90256
90313
90341
90390
90399
90401
90432
90462
90503
90503
90523
90597
90644
90797
90854
90868
90868
90880
90885
90889
90914
91006
91070
91099
91108
91185
91191
91328
91345
91369
91430
91490
91551
91557
91591
91630
91676
91688
91725
91744
91780
91791
91869
91870
91936
91937
91951
91988
92046
92069
92116
92131
92279
92285
92287
92316
92348
92359
92418
92448
92489
92496
92516
92577
92628
92630
92640
92665
92833
92839
92857
92957
92980
93009
93025
93028
93069
93133
93151
93172
93176
93186
93195
93205
93227
93327
93369
93375
93381
93409
93448
93512
93531
93597
93634
93690
93712
93748
93804
93928
93938
93963
94005
94034
94057
94059
94103
94142
94166
94183
94354
94356
94473
94530
94536
94543
94551
94661
94676
94697
94732
94764
94826
94840
94844
94891
94906
94916
94924
94953
94968
95002
95037
95051
95080
95127
95153
95156
95245
95308
95354
95355
95372
95386
95445
95466
95488
95503
95505
95511
95523
95529
95547
95547
95550
95580
95580
95645
95656
95677
95698
95706
95711
95764
95799
95807
95809
95831
95864
95903
95992
96041
96063
96081
96114
96115
96127
96139
96156
96310
96350
96449
96466
96487
96501
96535
96589
96602
96707
96707
96808
96811
96855
96884
96914
96931
96940
97036
97046
97053
97136
97148
97161
97178
97207
97224
97235
97372
97382
97387
97387
97405
97481
97516
97617
97658
97664
97779
97795
97796
97947
97949
98200
98233
98400
98409
98496
98506
98582
98627
98700
98702
98719
98737
98767
98782
98824
98874
98900
98901
98965
98989
99003
99046
99128
99157
99246
99332
99341
99423
99474
99595
99618
99653
99736
99838
99843
99846
99847
99848
99912
