1
2
4
5
7
8
10
11
12
14
15
17
18
20
21
22
24
25
27
28
30
31
32
34
35
37
38
40
41
42
44
45
47
48
50
51
52
54
55
57
58
60
61
62
64
65
67
68
70
71
72
74
75
77
78
80
81
82
84
85
87
88
90
91
92
94
95
97
98
100
101
102
104
105
107
108
110
111
112
114
115
117
118
120
121
122
124
125
127
128
130
131
132
134
135
137
138
140
141
142
144
145
147
148
150
151
152
154
155
157
158
160
161
162
164
165
167
168
170
171
172
174
175
177
178
180
181
182
184
185
187
188
190
191
192
194
195
197
198
200
201
202
204
205
207
208
210
211
212
214
215
217
218
220
221
222
224
225
227
228
230
231
232
234
235
237
238
240
241
242
244
245
247
248
250
251
252
254
255
257
258
260
261
262
264
265
267
268
270
271
272
274
275
277
278
280
281
282
284
285
287
288
290
291
292
294
295
297
298
300
301
302
304
305
307
308
310
311
312
314
315
317
318
320
321
322
324
325
327
328
330
331
332
334
335
337
338
340
341
342
344
345
347
348
350
351
352
354
355
357
358
360
361
362
364
365
367
368
370
371
372
374
375
377
378
380
381
382
384
385
387
388
390
391
392
394
395
397
398
400
401
402
404
405
407
408
410
411
412
414
415
417
418
420
421
422
424
425
427
428
430
431
432
434
435
437
438
440
441
442
444
445
447
448
450
451
452
454
455
457
458
460
461
462
464
465
467
468
470
471
472
474
475
477
478
480
481
482
484
485
487
488
490
491
492
494
495
497
498
500
501
502
504
505
507
508
510
511
512
514
515
517
518
520
521
522
524
525
527
528
530
531
532
534
535
537
538
540
541
542
544
545
547
548
550
551
552
554
555
557
558
560
561
562
564
565
567
568
570
571
572
574
575
577
578
580
581
582
584
585
587
588
590
591
592
594
595
597
598
600
601
602
604
605
607
608
610
611
612
614
615
617
618
620
621
622
624
625
627
628
630
631
632
634
635
637
638
640
641
642
644
645
647
648
650
651
652
654
655
657
658
660
661
662
664
665
667
668
670
671
672
674
675
677
678
680
681
682
684
685
687
688
690
691
692
694
695
697
697
698
700
701
702
704
705
707
708
710
711
712
714
715
717
718
720
721
722
724
725
727
728
730
731
732
734
735
737
738
740
741
742
744
745
747
748
750
751
752
754
755
757
758
760
761
762
764
765
767
768
770
771
772
774
775
777
778
780
781
782
784
785
787
788
790
791
792
794
795
797
798
800
801
802
804
805
807
808
810
811
812
814
815
817
818
820
821
822
824
825
827
828
830
831
832
834
835
837
838
840
841
842
844
845
847
848
850
851
852
854
855
856
857
858
860
861
862
864
865
867
868
870
871
872
874
875
877
878
880
881
882
884
885
887
888
890
891
892
894
895
897
898
900
901
902
904
905
907
908
910
911
912
914
915
917
918
920
921
922
924
925
927
928
930
931
932
934
935
937
938
940
941
942
944
945
947
948
950
951
952
954
955
957
958
960
961
962
964
965
967
968
970
971
972
974
975
977
978
980
981
982
984
985
987
988
990
991
992
994
995
997
998
1207
1258
1336
1963
2252
2399
3109
3264
4116
5121
5989
6579
6604
6739
7022
7714
7771
7776
7798
8384
9076
9387
9397
10341
10616
10718
11469
11951
12036
12084
12405
12783
12824
12856
13056
13093
13195
13765
13765
14606
14641
14808
14880
15145
15786
15950
16030
16054
16852
16922
18545
19185
19200
19235
20069
20346
20426
21136
22126
22464
22477
23326
23461
23746
23761
23826
23929
24269
25101
25144
25187
25370
25545
25742
25858
26307
26382
26582
26689
26911
27100
27310
27497
28369
28394
28741
28978
29204
29454
29890
30808
30812
30987
31543
32431
32487
33001
33073
33369
33461
33471
33727
33799
33845
33980
34659
34918
35060
35327
35407
36034
36519
36638
37605
37638
37704
37738
38323
38535
39091
39250
40113
40529
40538
40717
41076
41288
41466
41766
42585
42750
43053
43156
43323
43626
43892
44612
45063
45201
45464
45566
46045
46167
46706
46742
47554
48169
48355
48578
49124
49217
49230
49408
49543
50444
50753
50809
50904
51283
51368
52102
52742
52812
53048
53274
53556
53965
54371
54816
54892
55606
55841
56075
56305
56378
56924
57071
57226
57847
58150
58409
58671
58850
59421
59685
60435
61148
61467
62151
62386
62690
63123
63407
63883
64428
64739
66173
66319
66386
66981
67058
68505
69046
69209
69238
69340
69420
70005
70215
70264
71746
72316
73195
74093
74207
74448
75103
75963
76503
76522
76978
76989
77052
77338
77478
78220
78332
78432
78499
78874
79193
79242
79416
79963
80151
80476
80628
80749
80845
81552
81631
82455
82688
82795
82814
82862
83114
83350
83378
83476
83678
84120
84635
84898
85218
85525
85623
86341
86793
86883
87250
87405
87858
87924
87979
88223
88262
88282
88659
88769
89020
89031
89294
89642
90319
90395
90633
91813
91945
91981
92226
92726
93459
93613
94392
94929
95109
95788
95871
96532
96563
96872
97126
97325
97402
97592
97619
99306
99802
