596564
6575033
6755897
10491164
12650491
12935569
14171085
14384559
16314971
17338277
23688758
23992633
25053286
27256166
30624616
31737467
33733957
33948507
34386218
46637439
49672449
51056475
51788349
51808420
53855704
54339024
54545651
55459683
63872123
65420657
70643501
71032210
75230955
75248611
75600637
77691107
79136551
96431029
97106131
99454528
101315584
101379503
103667811
108253963
111801439
112749936
113647461
114353960
114682174
115338699
115564734
118284174
120449026
121567349
125322571
127764787
132782481
132924176
135443869
144767307
147883655
148186982
149765307
150968428
151321808
159678687
160123370
162576612
164529862
165522858
168674498
171840544
174649952
176602254
179119169
189669337
194810874
195498210
199484091
202472032
205636789
206063049
206232192
207436968
211010018
212464553
213234938
216803013
216880858
223539673
224872724
224996598
225108206
225528426
225831549
228825973
236059969
239895085
240940594
246604595
248189276
250785138
253667782
254860358
259706591
259829229
264781453
265655714
270788574
271671091
272195159
277075963
277606907
278700980
279908353
283578395
284918047
285386434
285724781
285933499
287502677
287625290
288699679
289576251
289631172
289633763
290435981
293268849
294495523
297589546
298604548
300124113
302380620
303540160
304216583
304655746
305147418
305651418
306205639
307817183
308846216
310123360
310373369
312301984
316223876
319989826
327661749
327823439
327918836
329626276
330150255
330915462
331207804
336154400
337186046
347967396
350380438
353171296
356288270
365657052
365879507
368008424
369901144
372783692
373401253
385296773
385765256
387453778
390653503
393219874
393644576
395661316
401392053
401602732
403210261
404669819
404891803
405801937
406543508
406923440
407833318
416320995
418646036
418886975
419953087
421602992
431807700
434456195
434567171
434762486
435721139
436052548
436598133
438435035
440136407
440610338
443864405
446155332
448010524
448362198
450819767
452074042
455233296
456093623
459631252
464417779
465627531
466099719
470008333
471756790
472529075
474645984
476052530
479562832
482366817
482674138
482730695
484356505
489798978
490888061
491180560
500987146
504600321
506856203
507214040
507242714
511142770
512149761
512392371
513548731
514711468
516394826
516718182
522473616
524942751
527031721
528211759
531787706
532562584
536179334
537175512
538243397
538807481
540714284
542049768
547748827
548355851
549354154
553089293
553704176
554501323
557930072
560135197
566292720
566420396
567813405
572542985
574428586
575454598
577223147
579103857
579771067
583894203
584084012
586935645
587871945
593442520
595471782
596022499
596277446
601125653
602869013
603228472
606657147
607838278
613130056
614064652
614451051
617292584
618227341
620369630
625401111
625927803
626703185
626928465
629738788
630159271
630906759
631334830
631858508
632125247
635616828
635968114
636032869
636523328
640055708
645152224
645192239
646561632
655191346
656282553
657235471
659605593
668374292
669771660
671963452
673602815
674211020
681985313
684925692
689108554
690641152
692013503
693069411
696172681
696385261
701081256
701854810
702010638
709405236
709499409
709739171
713165677
714966845
715049364
717149505
719376418
720411153
732712823
736874450
739560325
742987986
743243497
743381512
744139233
749691943
751803886
751939993
753909585
754419101
759719741
760968315
762734273
770966340
771933062
772870342
772897669
774034037
774211974
775153735
776142081
780189532
781809507
785319135
785688002
786637999
787964299
788653709
789063855
789413935
790840432
793392776
794741487
798747155
800284170
800451842
800681102
802666021
805234350
809374186
810895922
817172545
819371534
820016705
820112880
820868292
821395868
824472903
824811636
830775132
831717207
833955454
838642149
839830556
840817396
848713589
849311191
850788002
854816673
854838656
861797565
863856199
867020196
867045801
869474025
870259303
870763956
872017462
877991649
879453074
881852553
881969509
883104889
886372671
886516877
886729517
887519079
888159559
891405353
891504092
892462967
893749682
894941062
895096099
895554566
897448684
898453655
901650197
902036041
902305820
902561908
908704794
912688883
912916658
912997142
913462691
914715387
927025720
931239391
932844108
934333219
938928668
939173276
940899012
943421738
944215131
944290970
946658054
950738332
952546027
959526688
968276215
968619509
972176103
972445256
973399852
975671452
984387815
988842947
990653907
991804605
996739753
998924197
999088560
999385598
999786101
1000450559
1002073516
1004137431
1005492663
1007000785
1007947077
1011524189
1012068815
1014982954
1016944468
1018060244
1019809288
1022223245
1022686107
1026965733
1028075447
1028944031
1030297507
1031327664
1031844489
1032341352
1034155409
1039929854
1040338926
1042189604
1043182665
1043656423
1044959139
1046569715
1047460447
1049394445
1051341414
1051970813
1056758739
1057471457
1058722099
1059814486
1061757248
1065641566
1069359069
1069909857
1071379198
1072324673
1072801433
1073120439
1078916131
1079648264
1080840922
1085667905
1086770947
1088419859
1091327611
1094223678
1095792683
1095796648
1096198807
1097459918
1097895058
1098444163
1100496874
1102772865
1102845015
1105510328
1110982216
1112454956
1119333563
1124618389
1125703804
1126642360
1127254143
1130499924
1130547725
1131000106
1134326711
1135086528
1135817215
1139805230
1141377452
1142987773
1144643042
1148067274
1149106530
1152074509
1156644072
1156976920
1163198811
1165752218
1167572310
1168552411
1174155105
1174735916
1175446210
1178406545
1182131847
1187391203
1190679687
1191071537
1195140643
1195532359
1196003876
1196365340
1198527926
1204746051
1207584333
1208229566
1208651256
1211571827
1212465669
1213421383
1214397115
1219121971
1219141297
1220048573
1220149418
1221014242
1221578970
1221936466
1222602421
1223478676
1227053620
1228915364
1232300590
1233538060
1234950080
1235208313
1238770808
1239858519
1241914441
1245514834
1246652955
1247503596
1247738183
1251118969
1251537671
1256617902
1256621893
1261334273
1263352441
1265465917
1267678376
1273084950
1282480608
1284375587
1285298765
1285942263
1285974766
1290296619
1295227833
1295311147
1296407425
1298529725
1299059272
1305175209
1305654339
1308060868
1309964905
1309964905
1312579982
1312833923
1314799445
1316636157
1320955759
1326881121
1328164166
1328476361
1329682002
1331791828
1335853972
1337500609
1338546451
1343750218
1344949753
1345578764
1348338413
1348893892
1350257976
1351326485
1352088064
1352850124
1353064021
1354172704
1356133538
1357997966
1364132917
1364487325
1364769929
1364886300
1365138449
1368861408
1368914528
1372059758
1377174479
1377682714
1378693199
1381406697
1383233997
1391573856
1391585540
1395387078
1395581462
1395638324
1403287372
1404157895
1405624297
1406523304
1407276641
1409641322
1411864248
1413147608
1413212696
1414462617
1415326100
1417240622
1417323678
1418125246
1418747193
1424164402
1424872806
1427135838
1427551965
1428426170
1429789473
1431204604
1436366128
1439995710
1444427716
1449262087
1450772233
1456225395
1457234817
1458147086
1458227678
1458314142
1458699643
1459423858
1461213332
1462350030
1462751502
1464579202
1465565812
1467976179
1471677724
1476273935
1477743188
1477780290
1479585739
1484170945
1484407524
1486413541
1487589885
1496811012
1497196759
1497206032
1497208314
1498587601
1499342122
1503634677
1505741633
1506573342
1507590465
1510007176
1510455195
1510613019
1514094679
1516868772
1518807309
1518995287
1520139502
1521994479
1527339064
1528756769
1528895625
1533848966
1534416810
1535772994
1536878722
1538845106
1547567078
1550153419
1550873947
1552720371
1553140587
1553359042
1554451637
1554584199
1561256076
1562172448
1562603512
1562781776
1565609390
1569826796
1571051199
1574083891
1576879557
1577374858
1577685944
1579051395
1582632598
1586571173
1587062910
1591218306
1592035226
1595271719
1595724514
1602915252
1610057884
1612067122
1616112951
1618547038
1618628637
1619151322
1621927213
1630498963
1632072368
1632896617
1634030247
1634893764
1635000259
1636109198
1639019119
1640521375
1641278266
1647510035
1648978461
1649488243
1649544341
1650644028
1650751438
1652114014
1653173325
1657269241
1657299056
1665748169
1666850488
1669843321
1674616878
1675794410
1675848272
1679090520
1679134520
1680106077
1680523065
1680938647
1681700649
1687342237
1689009610
1700261574
1700281468
1700953022
1702501186
1707346377
1708557662
1709376659
1711252279
1711884774
1719594391
1729279868
1730923645
1734299639
1735281881
1740296861
1740482532
1742286542
1742358054
1748627243
1750870672
1751911218
1755076391
1755128643
1755297000
1756696399
1760348524
1760528511
1760936957
1761027948
1761513383
1762309119
1763111804
1765512337
1765626875
1766047414
1767583508
1768618429
1769369457
1771313625
1771523842
1772553653
1773668807
1774709582
1778805484
1781328362
1783334348
1787711030
1791203327
1797116620
1798178059
1804282772
1806546759
1810203475
1811258104
1811472079
1812303789
1815149401
1816349358
1817036031
1817753312
1819084445
1819599444
1829589513
1829949623
1834333620
1834843875
1838820743
1839326103
1842634953
1843241412
1843915509
1861176678
1873330329
1874421943
1878146167
1878751022
1888290289
1888650023
1889521502
1892273159
1893330623
1893795599
1896769199
1898666563
1899345564
1899442701
1899574766
1901968341
1903143962
1908044572
1909625723
1914465832
1916476750
1916826097
1918800558
1923198272
1925062637
1925577428
1930517989
1931076318
1931381171
1931566872
1933745813
1936389072
1936659802
1942317674
1943077410
1945169834
1948538710
1955087914
1960004530
1960870313
1961238659
1961274424
1961581270
1962699925
1965002802
1967324208
1970048558
1971178977
1973663671
1975370363
1976699921
1979027381
1979376484
1979411172
1979412466
1980420824
1984339070
1987535618
1992670547
1993381965
1994394995
1996180693
1998101570
1999131464
1999960363
2003787575
2011356593
2011935893
2011955882
2016083953
2016297105
2017813337
2021151501
2028235066
2028348769
2035520738
2035852192
2040570124
2040884109
2047499785
2050941830
2052912505
2053670169
2056339818
2058009720
2058978948
2060559006
2061931869
2062804518
2063469463
2063632410
2064394553
2067986053
2068464094
2068757926
2069752918
2070299465
2079660532
2080155862
2081425475
2084333105
2089349161
2089651314
2092055447
2094652144
2095593133
2096041014
2097191292
2099822359
2100450070
2103048766
2105059312
2108571944
2114923479
2117659152
2119681871
2123441009
2124634485
2129092617
2131275939
2136477199
2137378787
2137820269
2143018165
2147050972
2147418054
